{"vertexJointWeights":[{"0":1},{"0":1},{"1":1},{"1":1},{"0":1},{"0":1},{"1":1},{"1":1},{"2":1},{"2":1},{"2":1},{"2":1},{"2":1},{"2":1},{"2":1},{"2":1},{"2":1},{"2":1},{"2":1},{"2":1},{"2":1},{"2":1},{"3":1},{"3":1},{"3":1},{"3":1},{"3":1},{"3":1},{"3":1},{"3":1},{"3":1},{"3":1},{"3":1},{"3":1},{"3":1},{"3":1},{"3":1},{"3":1},{"3":1},{"3":1},{"3":1},{"3":1},{"3":1},{"3":1},{"3":1},{"3":1},{"3":1},{"4":1},{"4":1},{"4":1},{"4":1},{"4":1},{"4":1},{"4":1},{"4":1},{"4":0.000123376,"5":0.9998766},{"4":0.0000673789,"5":0.9999327},{"4":0.000107727,"5":0.9998923},{"4":0.04117435,"5":0.9588257},{"4":0.000635725,"5":0.9993643},{"4":0.08761286,"5":0.9123871},{"4":0.000462355,"5":0.9995377},{"4":0.003237187,"5":0.9967628},{"4":0.000293432,"5":0.9997066},{"4":0,"5":1},{"6":7.13821e-7,"7":0.9999993},{"4":0,"7":1},{"7":1},{"7":1},{"7":1},{"7":1},{"7":1},{"7":1},{"7":1},{"7":1},{"4":1,"7":0},{"4":0.9999644,"7":0.0000356165},{"4":1,"7":0},{"4":0.999999,"7":0.00000103691},{"4":0.9988135,"7":0.00118643},{"4":1},{"4":1},{"4":1},{"4":1},{"4":1},{"4":1},{"4":1},{"4":1},{"8":0.000924238,"9":0.9990758},{"8":0.000213825,"9":0.9997862},{"8":0.005515396,"9":0.9944846},{"8":0.00000776274,"9":0.9999922},{"8":0.001412451,"9":0.9985876},{"8":0.0000161027,"9":0.9999839},{"8":0.00018801,"9":0.999812},{"8":0.002628147,"9":0.9973718},{"8":1,"10":0},{"8":1,"10":0},{"8":1,"10":0},{"8":0.9999718,"10":0.0000281663},{"8":1},{"8":1},{"8":1},{"8":1},{"8":1},{"8":1},{"8":1},{"8":1},{"8":1,"10":0},{"8":0.9998304,"10":0.000169599},{"8":1,"10":0},{"8":1},{"10":1},{"10":1},{"10":1},{"10":1},{"10":1},{"10":1},{"10":1},{"10":1},{"10":1},{"10":1},{"10":1},{"10":1},{"10":1},{"10":1},{"10":1},{"10":1},{"1":1},{"1":1},{"1":1},{"1":1},{"11":1},{"11":1},{"11":1},{"11":1},{"11":1},{"11":1},{"11":1},{"11":1},{"11":0.0000252637,"12":0.9999747},{"11":0.000105625,"12":0.9998944},{"11":0.002696871,"12":0.9973031},{"11":0.00000400528,"12":0.999996},{"11":0,"12":1},{"11":0.0000911998,"12":0.9999088},{"11":0.000999188,"12":0.9990008},{"11":0.000263982,"12":0.999736},{"11":0.01860803,"12":0.9813919},{"11":0.00000973657,"12":0.9999903},{"6":1},{"6":0.9998414,"11":0.000158578},{"6":0.9999975,"7":0.00000257618},{"6":1},{"6":1},{"6":1},{"6":1},{"6":1},{"6":1},{"6":1},{"11":1},{"11":1},{"11":1},{"11":1},{"11":1},{"11":1},{"11":1},{"11":1},{"6":0.00000107035,"11":0.9999989},{"6":0.00004516,"11":0.9999548},{"6":0.0000231337,"7":0,"11":0.9999769},{"6":0.005811214,"11":0.9941888},{"6":0.000802966,"11":0.999197},{"13":0,"14":1},{"13":0.00000943574,"14":0.9999906},{"13":0,"14":1},{"13":0,"14":1},{"13":0.001032888,"14":0.9989671},{"13":0.00000201997,"14":0.999998},{"13":0,"14":1},{"13":0.00000229952,"14":0.9999977},{"13":0.9999993,"15":7.01295e-7},{"13":1,"15":0},{"13":1,"15":0},{"13":1,"15":0},{"13":1,"15":0},{"13":1,"15":0},{"13":1},{"13":1},{"13":1},{"13":0.9999985,"15":0.00000149091},{"13":1},{"13":1},{"15":1},{"15":1},{"15":1},{"15":1},{"15":1},{"15":1},{"15":1},{"15":1},{"15":1},{"15":1},{"15":1},{"15":1},{"15":1},{"15":1},{"1":1},{"1":1},{"1":1},{"1":1},{"1":1},{"1":1},{"1":1},{"1":1},{"1":1},{"1":1},{"1":1},{"1":1},{"1":1},{"1":1},{"1":1},{"1":1},{"1":1},{"1":1},{"1":1},{"1":1},{"1":1},{"1":1},{"1":1},{"1":1},{"1":1},{"1":1},{"1":1},{"1":1},{"1":1},{"1":1},{"1":1},{"1":1},{"1":1},{"1":1},{"1":1},{"1":1},{"1":1},{"1":1},{"1":1},{"1":1},{"1":1},{"1":1},{"1":1},{"1":1},{"1":1},{"1":1},{"1":1},{"1":1},{"1":1},{"1":1},{"1":1},{"0":1},{"1":1},{"1":1},{"1":1},{"1":1},{"1":1},{"1":1},{"1":1},{"1":1},{"1":1},{"1":1},{"1":1},{"1":1},{"1":1},{"1":1},{"1":1},{"1":1},{"1":1},{"1":1},{"1":1},{"1":1},{"1":1},{"1":1},{"1":1},{"1":1},{"1":1},{"1":1},{"1":1},{"1":1},{"1":1},{"1":1},{"1":1},{"1":1},{"1":1},{"1":1},{"1":1},{"1":1},{"1":1},{"1":1},{"1":1},{"1":1},{"1":1},{"1":1},{"1":1},{"1":1},{"1":1},{"1":1},{"1":1},{"1":1},{"1":1},{"1":1},{"1":1},{"1":1},{"1":1},{"1":1},{"1":1},{"1":1},{"13":1},{"13":1},{"13":1},{"13":1},{"13":1},{"13":1},{"13":1},{"13":1},{"3":1},{"3":1},{"3":1},{"3":1},{"3":1},{"3":1},{"3":1},{"3":1},{"3":1},{"3":1},{"3":1},{"3":1},{"3":1},{"3":1},{"3":1},{"3":1},{"3":1},{"3":1},{"3":1},{"3":1},{"3":1},{"3":1},{"3":1},{"3":1},{"3":1},{"3":1},{"3":1},{"3":1},{"3":1},{"3":1},{"15":1},{"15":1},{"15":1},{"15":1},{"15":1},{"15":1},{"15":1},{"15":1},{"16":1},{"16":1},{"16":1},{"16":1},{"16":1},{"16":1},{"16":1},{"16":1},{"16":1},{"16":1},{"16":1},{"16":1},{"16":1},{"16":1},{"16":1},{"16":1},{"16":1},{"16":1},{"16":1},{"16":1},{"16":1},{"16":1},{"16":1},{"16":1}],"jointNamePositionIndex":{"head neck lower":0,"head neck upper":1,"pelvis":2,"spine":3,"leg right knee":4,"leg right ankle":5,"leg left thigh":6,"leg right thigh":7,"arm right elbow":8,"arm right wrist":9,"arm right shoulder":10,"leg left knee":11,"leg left ankle":12,"arm left elbow":13,"arm left wrist":14,"arm left shouler":15,"board":16,"root hips":17},"jointInverseBindPoses":{"0":[0.9999999,0,0,0.3360495,0,0.0000645965,0.9999999,-3.345903,0,-1,0.0000646263,-0.2315876,0,0,0,1],"1":[0.999382,-0.03423917,-0.00794506,0.3562572,0.000236895,-0.2194741,0.9756183,-3.53032,-0.03514814,-0.9750176,-0.2193303,0.5448708,0,0,0,1],"2":[1,-0.00000170572,0.00000169873,0.3401581,0.00000170608,0.01307386,-0.9999145,2.179038,0.00000168351,0.9999145,0.01307398,0.3568745,0,0,0,1],"3":[0.9999975,-0.001690924,-0.001470446,0.3426983,0.001690924,0.138814,0.990317,-2.111729,-0.001470446,-0.9903171,0.1388165,-0.7043724,0,0,0,1],"4":[0.9829514,0.1333615,-0.1265745,1.073601,-0.1333613,0.04321527,-0.9901247,0.6305866,-0.1265745,0.9901248,0.06026387,0.2132779,0,0,0,1],"5":[0.7090227,-0.5916454,-0.3837218,0.3154639,-0.6638623,-0.7435399,-0.08021813,-1.067575,-0.2378517,0.3116151,-0.9199578,-0.9453169,0,0,0,1],"6":[0.9740064,-0.1610838,0.159259,-0.4375252,0.1610834,-0.001755297,-0.9869391,1.712455,0.1592594,0.9869391,0.02423828,0.3164743,0,0,0,1],"7":[0.9740074,0.1610809,-0.1592566,1.10016,-0.161081,-0.001754999,-0.9869395,1.602869,-0.1592566,0.9869397,0.02423775,0.2081296,0,0,0,1],"8":[0.8582692,0.3730091,-0.3524759,2.361636,-0.373009,-0.0183131,-0.9276472,1.693511,-0.3524752,0.9276475,0.1234179,-0.6578379,0,0,0,1],"9":[0.8791055,0.3756789,-0.2933263,2.310055,-0.3051075,-0.02924346,-0.9518691,0.8936768,-0.3661744,0.926289,0.08891403,-0.6307706,0,0,0,1],"10":[0.7825813,0.4821545,-0.3938204,2.367366,-0.4821545,0.06923866,-0.8733461,2.069923,-0.3938196,0.8733463,0.2866575,-1.143706,0,0,0,1],"11":[0.9829508,-0.1333636,0.1265764,-0.4048805,0.1333634,0.04321533,-0.9901247,0.7213155,0.1265765,0.9901245,0.06026446,0.2993885,0,0,0,1],"12":[0.7392488,0.5560553,0.3798866,0.1381569,0.6261062,-0.7752393,-0.08363699,-0.6106911,0.2479961,0.2996777,-0.9212446,-0.7931421,0,0,0,1],"13":[0.7787206,-0.4660462,0.4199937,-1.96753,0.4660462,-0.01843881,-0.8845679,1.707209,0.4199941,0.884568,0.2028408,-0.7301048,0,0,0,1],"14":[0.799432,-0.4686206,0.3759025,-1.927145,0.410618,-0.03051042,-0.9112967,0.866589,0.4385216,0.8828724,0.1680333,-0.7013855,0,0,0,1],"15":[0.6821044,-0.5816631,0.4431716,-1.95204,0.5816628,0.06428658,-0.8108855,2.142741,0.4431723,0.8108853,0.3821822,-1.217532,0,0,0,1],"16":[0,1,-0.000477482,0.252128,-1,1.21793e-7,-0.000238791,3.418457,-0.000238776,0.000477482,0.9999999,1.080429,0,0,0,1],"17":[1,0.00000619888,0.00000163913,0.3401612,-0.00000620015,0.8696072,0.4937443,-0.6332162,0.0000016221,-0.4937442,0.8696071,-2.092196,0,0,0,1]},"keyframes":{"0":[[-0.701051,-0.275087,-0.657918,0,0.191541,-0.961335,0.197853,0,-0.686906,0.012687,0.726635,0,0.050373,-1.146293,0.894083,1],[-0.701051,-0.275087,-0.657918,0,0.191541,-0.961336,0.197853,0,-0.686906,0.012687,0.726635,0,0.050372,-1.146293,0.894082,1],[-0.603708,0.634236,-0.482992,0,-0.359894,-0.757431,-0.54477,0,-0.711346,-0.155056,0.685525,0,-0.084779,-0.5079,0.734228,1],[-0.681778,0.440927,-0.583749,0,-0.413701,-0.890485,-0.189443,0,-0.60335,0.112339,0.789524,0,-0.362759,-1.222713,0.618975,1],[-0.328316,0.916708,-0.227715,0,-0.921391,-0.363891,-0.136462,0,-0.207959,0.165012,0.964118,0,-0.497974,-0.672543,0.684041,1],[-0.817147,0.401166,-0.41393,0,-0.173137,-0.855747,-0.487566,0,-0.549814,-0.326746,0.768727,0,-1.114977,-1.833133,0.1958,1],[-0.602996,0.664243,0.441789,0,-0.718583,-0.21175,-0.66242,0,-0.346459,-0.716899,0.604998,0,-0.76998,0.826033,1.002637,1],[-0.258323,0.915338,-0.308911,0,-0.576762,-0.40265,-0.710788,0,-0.774993,-0.005445,0.631946,0,0.123423,-0.561229,0.636479,1],[-0.364125,-0.400516,-0.840833,0,0.073871,-0.912387,0.402609,0,-0.928416,0.084488,0.36181,0,1.188468,-2.241651,1.764935,1],[-0.364125,-0.400516,-0.840833,0,0.073871,-0.912387,0.402609,0,-0.928416,0.084488,0.36181,0,1.188468,-2.241652,1.764935,1],[-0.364126,-0.400516,-0.840832,0,0.073871,-0.912387,0.402609,0,-0.928416,0.084488,0.361809,0,1.188467,-2.241651,1.764935,1],[-0.557987,0.798418,0.22623,0,-0.829453,-0.545022,-0.122306,0,0.025649,-0.255891,0.966366,0,-1.102278,0.318894,0.995542,1],[0.008958,0.945037,0.326842,0,-0.860395,0.17384,-0.479062,0,-0.509549,-0.276921,0.814662,0,-1.828821,0.456117,0.709491,1],[-0.665766,0.710407,-0.228206,0,-0.460895,-0.63205,-0.622967,0,-0.586798,-0.309571,0.74822,0,-0.511404,-0.167075,0.309344,1],[-0.665766,0.710407,-0.228206,0,-0.460895,-0.632051,-0.622968,0,-0.586798,-0.309571,0.74822,0,-0.511404,-0.167075,0.309343,1],[-0.70486,0.638106,-0.309826,0,-0.511591,-0.759862,-0.401105,0,-0.491372,-0.124218,0.862046,0,-0.719864,-0.582809,0.164847,1],[-0.476709,0.879058,-0.002137,0,-0.692618,-0.377099,-0.61488,0,-0.541321,-0.291639,0.788618,0,-0.777159,-0.207522,1.127154,1],[-0.474706,0.879995,-0.016218,0,-0.638255,-0.356873,-0.682109,0,-0.60604,-0.31345,0.731071,0,-0.377114,0.074425,0.74106,1]]},"vertexNormalIndices":[0,1,2,3,0,2,4,5,6,7,4,6,6,3,2,7,6,2,5,4,1,0,5,1,5,0,6,6,0,3,2,1,4,7,2,4,8,9,10,11,8,10,12,13,14,12,15,13,13,16,14,17,16,13,16,10,9,17,10,16,17,15,18,13,15,17,18,10,17,11,10,18,11,18,15,9,19,16,20,19,9,14,21,12,21,19,20,19,14,16,21,14,19,8,15,12,8,11,15,8,20,9,20,8,21,8,12,21,22,23,24,25,23,22,26,27,28,29,27,26,26,30,31,32,30,26,33,26,28,32,26,33,34,33,35,32,33,34,30,34,36,32,34,30,30,37,31,36,37,30,22,38,25,35,38,22,39,38,40,41,39,40,29,40,27,41,40,29,42,29,43,41,29,42,44,23,45,24,23,44,29,44,45,26,44,29,44,31,37,26,31,44,38,46,25,47,48,49,48,50,49,51,50,52,50,51,49,53,52,48,52,50,48,47,49,54,54,49,51,53,48,54,48,47,54,53,54,52,52,54,51,55,56,57,58,59,60,60,59,61,62,55,63,56,55,62,64,57,62,57,56,62,64,58,57,57,58,60,63,55,59,59,55,61,55,57,61,61,57,60,64,62,63,64,63,58,58,63,59,65,66,67,67,66,68,68,66,69,66,65,69,68,69,70,70,69,71,67,68,72,72,68,70,65,73,69,69,73,71,72,65,67,65,72,73,73,74,71,72,74,73,70,74,72,71,74,70,75,76,77,77,76,78,78,76,79,76,75,79,79,80,78,78,80,81,79,75,80,80,75,82,78,81,77,77,81,83,75,77,82,82,77,83,81,80,84,84,80,85,82,86,80,80,86,85,83,81,87,87,81,84,82,83,86,86,83,87,88,89,90,89,88,91,89,91,92,92,91,93,94,92,95,95,92,93,94,88,90,88,94,95,88,95,91,91,95,93,96,97,98,97,96,99,100,101,102,101,100,103,104,105,106,104,106,107,101,107,106,103,107,101,104,100,102,105,104,102,108,100,109,103,100,108,109,104,110,100,104,109,110,107,111,104,107,110,111,103,108,107,103,111,98,96,108,109,98,108,97,109,110,98,109,97,111,97,110,99,97,111,96,111,108,111,96,99,102,101,106,105,102,106,112,113,114,115,113,114,116,117,118,119,120,121,121,120,122,116,118,123,124,116,125,121,126,127,121,122,126,125,116,123,119,127,118,118,127,123,127,119,121,122,124,126,126,124,125,125,113,115,113,125,123,127,112,123,112,113,123,126,112,127,112,126,114,115,114,125,125,114,126,116,124,117,119,118,120,120,118,117,122,120,124,124,120,117,128,129,130,131,128,130,132,133,134,133,135,134,136,135,137,137,135,133,138,135,136,135,138,134,132,139,137,132,137,133,138,132,134,139,132,138,137,139,136,139,138,136,140,141,142,141,140,143,143,144,141,145,146,147,146,145,148,148,140,146,143,140,148,142,145,147,141,145,142,145,144,149,144,145,141,143,149,144,148,149,143,146,140,142,147,146,142,145,149,148,150,151,152,151,150,153,154,151,153,152,151,154,153,155,154,154,155,156,150,157,153,153,157,155,152,154,158,158,154,156,150,152,157,157,152,158,156,159,158,158,159,157,157,159,155,159,156,155,160,161,162,161,160,163,164,163,165,161,163,164,166,162,167,160,162,166,166,164,165,167,164,166,168,162,161,162,168,169,164,168,161,170,168,164,169,167,162,171,167,169,167,170,164,171,170,167,169,172,171,171,172,170,172,168,170,168,172,169,173,174,175,176,173,175,177,176,175,178,176,177,175,174,179,177,175,179,174,173,179,179,173,180,180,173,176,178,180,176,181,182,183,182,181,184,185,186,187,188,185,187,186,184,182,184,186,185,185,189,190,188,189,185,185,181,184,190,181,185,189,191,190,192,191,189,183,190,191,181,190,183,187,186,191,192,187,191,191,182,183,186,182,191,193,194,195,194,196,197,198,199,200,199,201,200,195,194,197,198,193,195,202,193,198,200,202,198,196,199,197,201,199,196,197,203,195,204,203,197,195,203,205,198,195,205,199,205,206,198,205,199,206,197,199,204,197,206,203,206,204,205,206,203,207,208,209,210,211,212,213,214,215,216,217,218,219,220,216,208,221,222,208,223,221,207,224,208,217,225,219,219,226,217,219,218,226,227,228,229,229,230,227,231,213,229,213,212,229,229,212,211,211,232,229,233,234,235,233,235,236,237,238,239,240,238,237,239,238,240,239,241,237,237,242,240,219,242,237,240,242,219,233,223,208,233,243,214,224,244,245,215,212,213,245,208,224,243,215,214,224,207,244,207,233,208,244,207,245,245,207,208,233,207,234,246,236,247,248,247,236,246,247,248,235,216,248,235,248,236,248,233,246,220,233,248,248,216,220,217,235,225,217,216,235,220,243,233,217,226,218,216,218,219,249,220,219,214,231,222,213,231,214,220,250,215,210,250,220,215,250,210,212,215,210,220,215,243,236,246,233,214,222,223,233,214,223,251,227,252,227,253,254,253,255,254,254,252,227,252,256,251,249,232,211,222,221,223,257,258,259,260,258,257,259,258,260,261,228,251,262,261,251,251,256,262,222,231,261,228,261,231,229,228,231,227,251,228,262,259,261,262,257,259,260,208,259,259,208,222,259,222,261,235,219,225,263,264,241,241,264,237,219,237,264,265,241,239,239,266,265,240,266,239,263,241,265,232,263,230,229,232,230,230,253,227,264,249,219,210,249,211,263,232,264,265,255,253,253,263,265,253,230,263,249,210,220,232,249,264,267,268,269,270,271,272,273,274,275,276,277,278,278,273,276,273,275,276,278,272,273,278,279,272,271,273,272,280,281,274,271,280,273,281,280,270,272,281,270,271,270,280,280,274,273,277,282,278,283,284,285,286,284,287,287,288,289,288,290,291,288,287,290,286,287,289,284,290,287,291,286,289,291,292,282,286,291,282,293,285,286,293,286,282,282,277,293,285,284,286,291,289,288,294,285,268,275,274,295,278,282,279,279,282,292,295,296,275,297,298,285,285,298,283,276,275,268,268,285,293,296,299,300,299,301,300,296,302,299,295,302,296,268,275,269,268,267,294,301,303,304,304,303,297,267,301,304,301,267,300,296,300,275,275,300,269,267,269,300,297,285,304,304,285,294,294,267,304,276,268,277,293,277,268,305,306,307,306,308,307,308,308,306,309,310,311,312,311,310,313,311,312,314,315,316,317,314,316,318,319,320,319,318,321,321,314,317,319,321,317,317,320,319,316,320,317,315,314,321,318,315,321,319,314,321,314,319,317,322,323,324,325,322,324,326,322,325,327,322,326,328,329,330,329,329,328,331,322,327,332,331,327,323,322,331,333,323,331,333,46,46,330,334,328,335,334,330,334,335,336,324,337,325,336,337,324,337,326,325,338,326,337,326,332,327,338,332,326,323,336,324,333,336,323,339,340,341,341,342,343,339,341,343,344,339,343,345,344,343,346,344,345,345,342,347,343,342,345,342,347,347,348,349,350,350,349,351,349,348,352,353,349,352,352,348,354,348,350,354,349,355,351,355,349,353,356,356,356,357,357,357,358,358,358,359,359,359,360,360,360,361,361,361,362,362,362,360,360,360,363,363,363,364,364,364,365,365,365,360,360,360,366,366,366,367,367,367,368,368,368,369,369,369,370,370,370,360,360,360,371,371,371,372,372,372,373,373,373,374,374,374,375,375,375,376,376,376,377,377,377,378,378,378,379,379,379,380,380,380,381,381,381,360,360,360,382,382,382,383,383,383,384,384,384,385,385,385,386,386,386,387,387,387,388,388,388,388,388,388,360,360,360,389,389,389,390,390,390,391,391,391,392,392,392,393,393,393],"vertexNormals":[-0.5773299,0.577391,0.5773299,0.5773401,0.5773707,0.5773401,0.5773605,0.5773299,-0.5773605,-0.5773401,0.5773401,-0.5773707,0.5773605,-0.5773299,0.5773605,-0.5773707,-0.5773096,0.5773707,-0.5773605,-0.5773605,-0.5773299,0.5773401,-0.5773707,-0.5773401,0.000762981,0.652318,-0.7579451,-0.4271782,0.5502625,0.717447,0.4284551,0.5492795,0.7174388,0.7358239,0.6204299,-0.2713484,-0.000701939,-0.6113892,-0.7913298,0.2170796,-0.7040362,0.6761727,-0.2188208,-0.7034921,0.6761777,0.5326847,-0.7428714,-0.4054495,-0.5836437,-0.2651789,0.7674896,0.583072,-0.2664033,0.7675002,0.8545269,-0.2940183,-0.428179,-0.8551307,-0.2921953,-0.4282215,-0.7344462,0.6220743,-0.2713163,-0.5344585,-0.7415947,-0.4054523,0,-0.9949374,0.1004978,0,-0.5150074,0.8571859,0,-0.5150432,0.8571642,0,-0.9973564,-0.07266539,-0.6556497,0.692151,-0.301746,0.386375,0.2827923,-0.8779197,-0.3904922,0.2823629,-0.8762346,0.7322436,0.5563013,-0.3928717,-0.6399846,-0.205851,0.7403007,-0.5200815,0.4997251,0.6926689,-0.8864483,-0.4177104,-0.1993181,-0.6118195,-0.3197502,-0.7234894,-0.6476853,-0.7338114,-0.2049996,-0.2414699,-0.8313499,-0.5005495,-0.471493,-0.505461,0.7226365,-0.006500482,0.001770079,-0.9999774,0.2386626,-0.8316264,-0.5014357,0.4858983,-0.5891147,-0.6456366,0.6077638,-0.3189585,-0.7272473,0.8418881,-0.2114334,-0.4965083,0.9781993,0.006714165,0.2075606,0.9799287,-0.0000305188,0.1993489,0,0.7932408,0.6089081,0,0.7253301,0.6884014,0,-0.9440855,-0.3297005,-0.8881054,-0.02166855,-0.4591291,-0.06457811,-0.8227918,-0.5646622,-0.717,-0.01736569,0.696857,0.1045589,-0.8186479,0.5646974,0.06454777,0.8227934,0.5646634,0.8881047,0.02169901,0.4591287,0.7169851,0.01733481,-0.696873,-0.1045589,0.8186479,-0.5646974,0.6841745,-0.3414158,0.6444693,0.6503305,0.6211543,0.4373075,-0.3394628,0.6632083,0.6670231,-0.8135933,-0.04877042,-0.5793853,-0.08438569,-0.8045482,-0.5878616,-0.8255405,-0.08786433,0.557461,-0.08627676,-0.8475393,0.5236731,0.5713427,0.5796743,-0.5809865,0.692878,-0.3335751,-0.6392557,-0.3854907,0.7033808,-0.5972038,0.9298644,0.07523024,-0.3601287,-0.14161,-0.1666359,-0.9757967,-0.05533188,0.9768689,-0.2065561,-0.9970524,0.02533066,-0.07242131,-0.01049858,-0.9723435,-0.2333197,-0.7479983,-0.06753927,0.6602552,0.09604334,-0.8633831,0.4953237,0.07223826,0.7808879,0.6204804,0.91008,-0.02536135,0.4136561,0.1451197,0.003357112,0.9894085,-0.9539741,-0.001922667,0.2998832,0.1486571,-0.1578738,0.9762054,0.003448605,0.9839606,0.1783525,0.9988074,0.04736602,0.01184147,0.038576,-0.9942781,0.09961396,-0.03012228,-0.9311975,-0.3632683,0.8865811,0.02179062,-0.4620598,-0.9837699,-0.02252274,-0.1780155,-0.0771526,0.9272357,-0.3664445,0.988328,0.02368271,-0.1504893,0.02081418,-0.9997828,0.001068174,-0.9883092,-0.02444601,0.1504911,-0.02798557,0.9996084,0.0000305187,-0.7295686,0.5407139,-0.418758,-0.7124118,-0.6944971,0.1007136,-0.6957978,0.7145059,0.07312297,-0.741259,-0.5380903,-0.4012406,0.5854825,-0.7085669,-0.3938822,0.281995,-0.5580388,-0.7804303,0.5999194,0.6816809,-0.4188174,0.2954881,0.5235896,-0.7990875,-0.7450243,-0.5809859,-0.3277106,0.347461,0.5537097,-0.7567539,0.3372416,-0.5857627,-0.7369873,-0.7293624,0.5884525,-0.348933,0.7342968,-0.6654756,0.1339802,-0.7490661,-0.5737326,-0.3312566,0.3326299,-0.5952181,-0.7314867,-0.487546,-0.6434996,0.5900909,0.7501023,0.6520439,0.1103881,0.3468841,0.5610392,-0.7516027,-0.7366126,0.5789501,-0.349598,-0.4727072,0.6738268,0.5678957,-0.3897874,-0.5619752,0.7295545,0.7507514,-0.5870749,0.3028459,0.7658191,0.5789193,0.279953,-0.3761852,0.5930273,0.7119013,0.745934,0.5805168,0.3264701,-0.6360166,0.7132908,0.2944476,0.6274822,-0.7225507,-0.2901495,-0.7490671,-0.5739775,-0.3308298,-0.9355251,0.01550358,0.3529201,-0.002929747,0.01681578,0.9998543,-0.3463292,0.9049483,0.2472341,0.4464641,0.8925924,-0.06283885,0.7060642,0.003418147,0.7081396,0.8593786,-0.01928782,-0.5109761,0.4229097,-0.9054548,-0.03604358,-0.7083234,0.672219,-0.2154055,-0.3693374,-0.8881251,0.2735392,-0.7259657,-0.6602268,-0.192547,0.3302786,-0.678533,-0.6561319,0.3478333,0.6516572,-0.6740586,-0.003448605,-0.7781953,-0.628013,-0.4468051,-0.6962103,-0.5618331,-0.004577755,-0.7781918,-0.6280102,0.4367972,-0.7000291,-0.5649492,0.8883654,0,-0.4591373,0.7171966,0,0.696871,0.08459961,-0.8209702,-0.5646688,-0.08459961,-0.8209702,0.5646688,-0.8883718,0,0.4591248,-0.08459961,0.8209702,0.5646688,-0.7171966,0,-0.696871,0.08459812,0.8209561,-0.5646896,0.005584955,-0.8244438,-0.5659163,0.4513565,0.6447906,-0.616865,0.8048546,-0.1397477,-0.576784,-0.7206783,-0.2857199,-0.6316541,-0.5151923,0.6162409,-0.5956711,0.4035224,0.6436156,0.6503297,0.004821956,-0.8372249,0.5468376,0.8146446,-0.148353,0.5606653,-0.7107289,-0.2601448,0.6535971,-0.5867947,0.6926051,0.4194878,0.02996993,0.9779309,-0.2067684,0.1459438,-0.1630346,-0.9757664,-0.931561,0.05005109,-0.3601238,0.9960079,0.0521869,-0.07242083,0.03598219,-0.9717341,-0.2333199,0.7494699,-0.04764109,0.6603221,-0.07315397,-0.8655185,0.4955062,-0.09326636,0.7788478,0.62024,-0.9091784,-0.0492891,0.4134793,-0.1451803,0,0.9894053,0.991046,0,0.1335209,0.05734443,0.9289868,-0.3656436,0.9825185,0.000732448,-0.1861639,-0.00451678,0.9999896,-0.000579863,-0.8906727,0.000732461,-0.4546447,-0.9910501,0,-0.133491,-0.00451678,-0.9999896,-0.000579863,0.05694824,-0.9300028,-0.363114,-0.02682626,0.9836007,0.1783537,0.9536594,0.02185159,0.3000938,-0.9996815,0.02240097,0.01162773,-0.01492381,-0.9949234,0.09952282,-0.1445384,-0.1614155,0.9762447,0.7670062,-0.5516023,-0.3277752,-0.2083871,-0.5351901,-0.8186247,-0.1911118,0.5469668,-0.8150483,0.7856538,0.5270653,-0.3239605,-0.532531,0.7045987,-0.4689899,0.7006437,0.693441,0.1680421,-0.556307,-0.6836948,-0.4723177,0.6765787,-0.7180542,0.1632163,-0.2480595,0.5750415,-0.7796113,0.7593076,-0.5983819,-0.255717,-0.2678994,-0.560428,-0.7836775,0.7783671,0.5745584,-0.2530364,0.3123686,0.5691608,0.7605801,0.291157,-0.5846335,0.7572525,0.02923685,-0.4435889,0.8957535,0.04583942,0.4360545,0.8987521,-0.725414,0.45779,0.5140066,-0.7762235,0.5956724,0.2065229,-0.7948724,-0.5727537,0.2003279,-0.7401319,-0.4392387,0.5091898,0.565851,0.7460651,-0.3509979,0.9837026,-0.01733499,-0.1789659,0.7452189,0.656652,-0.1160036,0.5408982,-0.7569156,-0.3667535,0.724735,-0.6772474,-0.1268675,-0.2534012,0.6727355,-0.6951366,-0.2754032,-0.6566767,-0.7020889,-0.3024442,0.006958305,-0.9531418,0.02789473,-0.7182438,-0.6952322,0.04745692,0.7260764,-0.6859745,0.2671645,0.560789,0.7836701,0.2470563,-0.5755391,0.7795627,-0.7598379,0.5978112,0.2554767,-0.778728,-0.5740967,0.2529737,-0.7147231,-0.6864015,0.1342528,-0.2637761,-0.8708916,-0.4146928,-0.5119861,-0.844887,-0.1550363,0.5066584,-0.1233913,0.8532713,0.4585186,0.240002,0.8556634,-0.006012201,0.3005504,0.953747,-0.358997,0.2912444,0.8867344,-0.5354323,0.1232984,0.8355296,-0.1780787,0.2216599,0.9587258,0.8004743,-0.4642067,0.379148,-0.319111,-0.886772,0.3343707,0.7271144,-0.3170616,0.6089144,0.7449262,-0.4852336,0.4578574,0.60492,-0.659824,0.4457626,-0.6767589,0.6595462,-0.3271027,-0.650332,0.2587106,0.714239,-0.2117397,-0.8813842,0.4222892,0.350637,0.4896222,-0.7983257,0.5322508,-0.6701356,-0.5173271,0.4014531,0.4133251,-0.8173114,-0.01156663,0.8775089,-0.4794209,-0.6988916,0.7107026,0.08032673,-0.02035641,0.9461012,0.3232309,0.7030752,0.7110102,0.01223826,-0.7388097,0.3407473,0.581422,0.6723998,0.5042388,0.541869,-0.2950884,-0.9553673,0.01400822,0.04168939,-0.8810632,0.4711577,0.4936206,-0.8009204,-0.3389178,-0.3275603,0.1604688,-0.9311038,0.8791037,0.3990377,0.2606639,0.6587509,0.74515,-0.1039169,0.5032286,0.0130316,-0.8640552,0.7244085,-0.5953114,-0.3476159,0.9601285,-0.2089637,-0.1857082,0.7175717,0.6265324,0.3042172,-0.4538251,-0.6650506,0.5930857,-0.7264461,0.6858557,0.0433371,0.5532581,-0.2112562,0.8057768,-0.8078184,-0.04080444,0.5880175,-0.4710912,0.05429327,-0.8804121,0.3530505,-0.8564708,0.376581,0.7850185,-0.2807779,0.5521864,-0.2372885,-0.26381,0.9349324,-0.6395061,0.6482041,-0.4133564,-0.3689773,0.5580439,-0.743265,0.6547801,0.6505075,-0.3848416,0.3477357,0.58899,-0.7295004,0.8403373,0.3877118,-0.3788309,-0.7874866,0.4241862,-0.4471366,-0.6426535,0.5309209,-0.5523763,0.2343839,-0.07849419,-0.9689701,-0.9376816,-0.3076978,-0.1614788,-0.3696166,-0.914535,-0.1643453,-0.9638268,0.2665242,0.001678526,-0.9040262,0.2479953,-0.3481884,0.9741004,0.2083216,0.08792477,0.9435456,-0.2347877,0.2336584,0.8851453,0.2536137,-0.3901256,0.439505,-0.1717613,-0.8816652,-0.002838253,-0.9999585,-0.008667409,-0.003418087,-0.9740449,-0.226329,0.5194336,-0.8545018,-0.003936946,0.6574972,0.7350759,-0.1654119,0.5406304,0.2595111,-0.800233,0.254652,0.3074502,-0.9168571,0.8338357,-0.2307834,-0.501455,0.8153619,-0.5783466,-0.02646046,0.7970908,-0.5469279,-0.2559614,0.6888867,-0.4544357,-0.5647332,-0.005035698,-0.4125625,-0.9109154,0.4273279,0,-0.9040967,0.2855405,0.1006838,-0.9530633,0.6327449,-0.1781073,0.7535991,-0.2895632,0.5616392,0.7750578,-0.4191217,0.008697986,-0.9078884,-0.656147,-0.7355597,-0.1685918,-0.8591141,-0.4803104,-0.1767058,-0.778595,-0.5614539,-0.2802844,-0.8083927,-0.2212032,-0.5455002,-0.6202177,-0.1795768,0.7635983,-0.6575613,0.7350183,-0.1654127,-0.5406876,0.2586547,-0.8004716,0.2971643,0.5776652,0.7602608,-0.2206853,0.3231693,-0.9202497,-0.2861447,0.1193592,-0.9507233,-0.6822646,-0.4539173,-0.5731267,-0.5242235,-0.8515694,-0.00439471,0.8561003,-0.4925529,-0.1564731,0.6593473,-0.7371419,-0.1479289,-0.5122309,-0.844705,-0.1552196,-0.512269,-0.8446869,-0.1551914,0.5078098,-0.8473364,-0.155404,0.5103042,-0.8457359,-0.1559509,-0.000915576,-0.983329,-0.1818335,0.5537721,-0.8184351,-0.1532983,-0.5119314,-0.8448974,-0.1551603,-0.511835,-0.8449505,-0.1551893,-0.5032647,-0.8499038,-0.1561676,-0.5109808,-0.8454393,-0.1553421,-0.5079896,-0.8471783,-0.1556777,-0.5119242,-0.8448854,-0.1552497,0.4985033,-0.8527722,-0.1558014,0.5031719,-0.8501154,-0.1553127,0.5061598,-0.8484013,-0.1549761,0.5070836,-0.8478658,-0.1548871,0.5071087,-0.8478567,-0.1548549,-0.6354703,-0.7007204,-0.3242968,-0.6440231,-0.6907485,-0.3287869,-0.6204566,0.7137845,-0.3248776,-0.6123442,0.7226112,-0.3207299,0.6116334,-0.7233638,0.3203896,0.644716,0.6899148,0.3291791,0.6361237,0.6999405,0.3246999,0.6197342,-0.7145896,0.324486,0.7043817,-0.2654249,-0.6583282,0.3140133,-0.7020971,-0.6391052,-0.3139797,-0.7020901,-0.6391294,-0.7043817,-0.2654249,-0.6583282,-0.5679997,0.563086,-0.6002588,0.5679997,0.563086,-0.6002588,-0.0000610379,-0.4875101,0.8731174,0,0.01025426,0.9999474,-0.0000610392,-0.5212748,0.853389,0.9253403,-0.3759042,-0.04941046,0.7021751,0.7091333,-0.06387567,0.3293646,-0.9406669,-0.08163917,0,-0.997203,0.07474058,0,-0.9810776,0.1936152,-0.3288432,-0.9408121,-0.08206582,-0.9253147,-0.3759672,-0.0494107,-0.7021751,0.7091333,-0.06387567,0.003906369,0.6513945,0.7587292,0,0.9688472,0.2476593,0,0.4179857,0.9084537,0,-0.4874868,0.8731304,0.2179114,-0.5311361,0.8187852,0.3033314,-0.2976548,0.9052026,0.3211537,-0.8086372,0.4929159,0.6241264,-0.646833,0.4382618,0,-0.8730177,0.4876887,-0.1063271,-0.001648008,0.9943298,-0.7802526,0.01098686,0.6253679,-0.08023512,-0.5829787,0.808516,-0.6428029,-0.5628722,0.5195955,-0.05957269,0.5803762,0.8121666,-0.6243872,0.5794633,0.5237967,0.3703843,-0.00952202,0.9288298,-0.9981924,0.01510697,0.0581696,0.1082065,-0.9941285,0,-0.959479,0.2817804,0,-0.1082065,0.9941285,-8.27796e-7,0.959479,-0.2817804,0,0,0,-1,0,0,1,1.43924e-7,0,1,0.9594787,0.2817812,0,-0.9594789,-0.2817808,0,0,0,-1,0,0,1,0,0,1,0,0,1,0,0,1,-1.26466e-7,0,-1,0.1082065,0.9941285,0,0,1,-3.26524e-7,-0.1082065,-0.9941285,0,0,-1,-3.49345e-7,0.1082066,-0.9941285,-0.00000110373,-0.959479,0.2817803,0,-0.1082065,0.9941285,0,0.9594789,-0.2817807,0,0,0,-1,0,0,1,0,0,1,0.9594787,0.2817811,0,-0.9594789,-0.2817807,0,0,0,-1,0,0,-1,0,0,1,0,0,1,0,0,1,0,0,-1,0.1082065,0.9941285,-5.51864e-7,0,1,-6.53048e-7,-0.1082066,-0.9941285,0,0,-1,6.53048e-7],"vertexPositionIndices":[0,1,2,3,0,2,4,5,6,7,4,6,6,3,2,7,6,2,5,4,1,0,5,1,5,0,6,6,0,3,2,1,4,7,2,4,8,9,10,11,8,10,12,13,14,12,15,13,13,16,14,17,16,13,16,10,9,17,10,16,17,15,18,13,15,17,18,10,17,11,10,18,11,18,15,9,19,16,20,19,9,14,21,12,21,19,20,19,14,16,21,14,19,8,15,12,8,11,15,8,20,9,20,8,21,8,12,21,22,23,24,25,23,22,26,27,28,29,27,26,26,30,31,32,30,26,33,26,28,32,26,33,34,33,35,32,33,34,30,34,36,32,34,30,30,37,31,36,37,30,22,38,25,35,38,22,39,38,40,41,39,40,29,40,27,41,40,29,42,29,43,41,29,42,44,23,45,24,23,44,29,44,45,26,44,29,44,31,37,26,31,44,38,46,25,47,48,49,48,50,49,51,50,52,50,51,49,53,52,48,52,50,48,47,49,54,54,49,51,53,48,54,48,47,54,53,54,52,52,54,51,55,56,57,58,59,60,60,59,61,62,55,63,56,55,62,64,57,62,57,56,62,64,58,57,57,58,60,63,55,59,59,55,61,55,57,61,61,57,60,64,62,63,64,63,58,58,63,59,65,66,67,67,66,68,68,66,69,66,65,69,68,69,70,70,69,71,67,68,72,72,68,70,65,73,69,69,73,71,72,65,67,65,72,73,73,74,71,72,74,73,70,74,72,71,74,70,75,76,77,77,76,78,78,76,79,76,75,79,79,80,78,78,80,81,79,75,80,80,75,82,78,81,77,77,81,83,75,77,82,82,77,83,81,80,84,84,80,85,82,86,80,80,86,85,83,81,87,87,81,84,82,83,86,86,83,87,88,89,90,89,88,91,89,91,92,92,91,93,94,92,95,95,92,93,94,88,90,88,94,95,88,95,91,91,95,93,96,97,98,97,96,99,100,101,102,101,100,103,104,105,106,104,106,107,101,107,106,103,107,101,104,100,102,105,104,102,108,100,109,103,100,108,109,104,110,100,104,109,110,107,111,104,107,110,111,103,108,107,103,111,98,96,108,109,98,108,97,109,110,98,109,97,111,97,110,99,97,111,96,111,108,111,96,99,102,101,106,105,102,106,112,113,114,115,113,114,116,117,118,119,120,121,121,120,122,116,118,123,124,116,125,121,126,127,121,122,126,125,116,123,119,127,118,118,127,123,127,119,121,122,124,126,126,124,125,125,113,115,113,125,123,127,112,123,112,113,123,126,112,127,112,126,114,115,114,125,125,114,126,116,124,117,119,118,120,120,118,117,122,120,124,124,120,117,128,129,130,131,128,130,132,133,134,133,135,134,136,135,137,137,135,133,138,135,136,135,138,134,132,139,137,132,137,133,138,132,134,139,132,138,137,139,136,139,138,136,140,141,142,141,140,143,143,144,141,145,146,147,146,145,148,148,140,146,143,140,148,142,145,147,141,145,142,145,144,149,144,145,141,143,149,144,148,149,143,146,140,142,147,146,142,145,149,148,150,151,152,151,150,153,154,151,153,152,151,154,153,155,154,154,155,156,150,157,153,153,157,155,152,154,158,158,154,156,150,152,157,157,152,158,156,159,158,158,159,157,157,159,155,159,156,155,160,161,162,161,160,163,164,163,165,161,163,164,166,162,167,160,162,166,166,164,165,167,164,166,168,162,161,162,168,169,164,168,161,170,168,164,169,167,162,171,167,169,167,170,164,171,170,167,169,172,171,171,172,170,172,168,170,168,172,169,173,174,175,176,173,175,177,176,175,178,176,177,175,174,179,177,175,179,174,173,179,179,173,180,180,173,176,178,180,176,181,182,183,182,181,184,185,186,187,188,185,187,186,184,182,184,186,185,185,189,190,188,189,185,185,181,184,190,181,185,189,191,190,192,191,189,183,190,191,181,190,183,187,186,191,192,187,191,191,182,183,186,182,191,193,194,195,194,196,197,198,199,200,199,201,200,195,194,197,198,193,195,202,193,198,200,202,198,196,199,197,201,199,196,197,203,195,204,203,197,195,203,205,198,195,205,199,205,206,198,205,199,206,197,199,204,197,206,203,206,204,205,206,203,207,208,209,210,211,212,213,214,215,216,217,218,219,220,216,208,221,222,208,223,221,207,224,208,217,225,219,219,226,217,219,218,226,227,228,229,229,230,227,231,213,229,213,212,229,229,212,211,211,232,229,233,234,235,233,235,236,237,238,239,240,238,237,239,238,240,239,241,237,237,242,240,219,242,237,240,242,219,233,223,208,233,243,214,224,244,245,215,212,213,245,208,224,243,215,214,224,207,244,207,233,208,244,207,245,245,207,208,233,207,234,246,236,247,248,247,236,246,247,248,235,216,248,235,248,236,248,233,246,220,233,248,248,216,220,217,235,225,217,216,235,220,243,233,217,226,218,216,218,219,249,220,219,214,231,222,213,231,214,220,250,215,210,250,220,215,250,210,212,215,210,220,215,243,236,246,233,214,222,223,233,214,223,251,227,252,227,253,254,253,255,254,254,252,227,252,256,251,249,232,211,222,221,223,257,258,259,260,258,257,259,258,260,261,228,251,262,261,251,251,256,262,222,231,261,228,261,231,229,228,231,227,251,228,262,259,261,262,257,259,260,208,259,259,208,222,259,222,261,235,219,225,263,264,241,241,264,237,219,237,264,265,241,239,239,266,265,240,266,239,263,241,265,232,263,230,229,232,230,230,253,227,264,249,219,210,249,211,263,232,264,265,255,253,253,263,265,253,230,263,249,210,220,232,249,264,267,268,269,270,271,272,273,274,275,276,277,278,278,273,276,273,275,276,278,272,273,278,279,272,271,273,272,280,281,274,271,280,273,281,280,270,272,281,270,271,270,280,280,274,273,277,282,278,283,284,285,286,284,287,287,288,289,288,290,291,288,287,290,286,287,289,284,290,287,291,286,289,291,292,282,286,291,282,293,285,286,293,286,282,282,277,293,285,284,286,291,289,288,294,285,268,275,274,295,278,282,279,279,282,292,295,296,275,297,298,285,285,298,283,276,275,268,268,285,293,296,299,300,299,301,300,296,302,299,295,302,296,268,275,269,268,267,294,301,303,304,304,303,297,267,301,304,301,267,300,296,300,275,275,300,269,267,269,300,297,285,304,304,285,294,294,267,304,276,268,277,293,277,268,305,306,307,306,308,307,309,308,306,310,311,312,313,312,311,314,312,313,315,316,317,318,315,317,319,320,321,320,319,322,322,315,318,320,322,318,318,321,320,317,321,318,316,315,322,319,316,322,320,315,322,315,320,318,323,324,325,326,323,325,327,323,326,328,323,327,329,330,331,332,330,329,333,323,328,334,333,328,324,323,333,335,324,333,335,336,337,331,338,329,339,338,331,338,339,340,325,341,326,340,341,325,341,327,326,342,327,341,327,334,328,342,334,327,324,340,325,335,340,324,343,344,345,345,346,347,343,345,347,348,343,347,349,348,347,350,348,349,349,346,351,347,346,349,346,352,351,353,354,355,355,354,356,354,353,357,358,354,357,357,353,359,353,355,359,354,360,356,360,354,358,373,364,363,370,367,369,380,365,377,372,361,371,384,365,371,382,362,372,382,366,380,384,361,374,366,371,365,364,369,363,363,383,373,373,384,374,368,381,379,381,380,379,364,381,370,376,382,381,367,383,369,383,377,384,368,378,367,379,377,378,361,375,374,374,376,373,373,376,364,370,368,367,380,366,365,372,362,361,384,377,365,382,375,362,382,372,366,384,371,361,366,372,371,364,370,369,363,369,383,373,383,384,368,370,381,381,382,380,364,376,381,376,375,382,367,378,383,383,378,377,368,379,378,379,380,377,361,362,375,374,375,376],"vertexPositions":[-0.1903401,-0.3730064,3.239235,-0.462193,-0.3730064,3.239235,-0.462193,-0.3729822,3.621359,-0.1903401,-0.3729822,3.621359,-0.462193,-0.06451034,3.239235,-0.1903187,-0.06451034,3.239235,-0.1903187,-0.06448608,3.621359,-0.462193,-0.06448608,3.621359,-0.3263521,0.04769241,1.598146,-0.8330569,-0.01221668,2.175258,0.1802459,-0.01350224,2.175258,0.3116623,0.04689192,1.876569,-0.3272926,-0.898873,1.598125,-0.01330864,-0.8992853,2.175258,-0.6412764,-0.8984849,2.175258,0.127641,-0.8994554,1.854846,-0.8337409,-0.7000329,2.175258,0.1795622,-0.7013185,2.175258,0.3109354,-0.7014881,1.876569,-0.9651145,-0.6998629,1.876569,-0.9643877,0.04849272,1.876569,-0.782205,-0.8982909,1.854846,-0.6791751,-0.991405,2.749412,-0.1532537,-0.6433496,3.372427,-0.6189818,-0.6433738,3.372427,-0.09308177,-0.9913809,2.749412,-1.099844,0.3377307,2.729563,0.1671002,-0.07229608,2.47303,-0.8207021,-0.07229608,2.47303,0.4498758,0.3377307,2.729563,-0.9707577,-0.4646166,3.363826,-0.9707577,0.1755386,3.364014,-1.111857,-0.7598934,2.727106,-0.8108689,-0.700397,2.446974,-0.8562705,-0.991405,2.749412,-0.6310377,-0.9009833,2.490566,-0.7659593,-0.6433496,3.372427,-0.7659806,0.1755386,3.364014,-0.02254277,-0.9009833,2.490566,0.2063026,-0.9913809,2.749412,0.1572674,-0.7003725,2.446974,0.4618886,-0.7598934,2.727084,0.3207894,-0.4646166,3.363826,0.3207894,0.1755386,3.364014,-0.6189818,0.1755386,3.364014,-0.1532537,0.1755386,3.364014,0.02920711,-0.9913809,2.749412,-1.549177,-0.2752352,-0.872963,-1.135904,-0.7266161,-0.9312593,-1.444116,-0.2723246,-0.1826328,-1.030844,-0.7236809,-0.2409291,-1.050851,0.2015159,-0.2409291,-0.6375572,-0.2498404,-0.2992256,-0.742639,-0.2527753,-0.9895558,-1.155912,0.1986054,-0.9312593,-0.8240793,-0.5995939,-0.7058004,-0.821429,0.08691233,-0.8369522,-1.421993,0.09074467,-0.6876392,-2.217202,-1.120634,-1.103441,-1.918245,-1.465803,-1.112522,-2.213056,-1.123763,-0.8858761,-1.914099,-1.468932,-0.894957,-0.8267297,0.09093856,-1.115604,-0.8320093,-0.5935545,-1.122811,-1.429923,0.09678411,-1.104649,-0.2910398,-0.2466388,0.6761721,-0.9772558,-0.4391245,0.1502128,-0.9040021,0.4266487,0.7597948,-1.484922,-0.2813475,0.8487702,-0.8723233,-0.9423861,0.764564,-1.05953,-0.4351467,1.856388,-0.7164325,-0.8090822,1.807984,-0.7337681,-0.04178333,1.80811,-0.3906707,-0.4156944,1.759685,-0.6991612,-0.4246929,1.9785,-1.483939,-0.2777092,0.7974505,-0.8297438,-0.4350011,1.12057,-0.9109494,0.4178439,0.7084545,-0.3073706,-0.2449411,0.6273516,-0.8802322,-0.9318353,0.7184937,-0.9781105,-0.5056796,0.1362584,-0.7688238,-0.253503,0.1052253,-1.198064,-0.2654605,0.1672912,-0.9887557,-0.01328396,0.1362584,-0.8262169,-0.2551038,-0.2719624,-1.035525,-0.5072804,-0.2409291,-1.255457,-0.2670614,-0.2098959,-1.04617,-0.01488476,-0.2409291,-2.405285,0.1122828,1.227062,-2.292979,-0.5914688,1.700306,-2.285881,0.1812387,1.689434,-2.411227,-0.5374777,1.236204,-1.655349,-0.6043723,1.469599,-1.875067,-0.5483438,1.042216,-1.646628,0.1683114,1.458144,-1.867713,0.1014167,1.032574,-1.729287,-0.3180449,2.515581,-1.526177,-0.07928115,2.439476,-1.528785,-0.3219499,2.443038,-1.726936,-0.07506108,2.512124,-1.484046,-0.5978719,1.918809,-2.292957,-0.5914929,1.700265,-1.655349,-0.6044207,1.469578,-2.121654,-0.5849684,2.149515,-1.475346,0.1748598,1.907374,-1.646649,0.1683114,1.458144,-2.285881,0.181239,1.689434,-2.114601,0.1878119,2.138664,-1.801749,-0.3206643,2.325154,-1.601376,-0.3247153,2.252654,-1.59864,-0.08190101,2.249051,-1.799526,-0.07782614,2.321739,-1.526177,-0.07928115,2.439476,-1.726935,-0.07506108,2.512124,-1.528785,-0.3219499,2.443038,-1.729287,-0.3180449,2.515581,-1.853371,-0.1850807,3.185582,-1.428513,-0.1862449,3.411459,-1.563371,0.2011278,3.115602,-1.165402,0.2207258,2.97131,-1.063334,-0.1936422,3.27935,-0.9794149,-0.2041934,2.796108,-1.173952,-0.6170332,2.98341,-1.64682,-0.07200473,2.722212,-1.571343,-0.5813303,3.12689,-1.649043,-0.3148432,2.725627,-1.44867,-0.3188937,2.653126,-1.445933,-0.07605528,2.649544,-0.3269506,-0.9020993,3.722706,-0.6890292,-0.6051484,3.642687,-0.3269506,-0.6692053,3.434118,0.04423397,-0.6056577,3.642374,0.8958532,-0.2524116,-0.8730254,0.7907499,-0.2524116,-0.1826744,0.4924558,-0.7151677,-0.9313219,0.3873526,-0.7151677,-0.2409707,-0.01604467,-0.2524116,-0.2992671,0.3873526,0.2103446,-0.2409707,0.08905869,-0.2524116,-0.9896183,0.4924558,0.2103207,-0.9313219,1.160204,-1.540314,-1.083946,0.8049436,0.06755709,-1.112605,1.486734,-1.228786,-1.082551,0.1518806,-0.5554988,-1.115396,0.2039726,0.1264475,-1.123998,0.7972483,0.07543981,-0.695616,1.156184,-1.53619,-0.8664023,1.482716,-1.224687,-0.8650069,0.1441854,-0.547616,-0.698386,0.1988214,0.131735,-0.8453665,0.240923,0.4313055,0.7596068,0.3345266,-0.4321392,0.150296,-0.3559647,-0.2603185,0.6761925,0.8383027,-0.2587905,0.8487911,0.241479,-0.9381418,0.7647725,0.4167147,-0.4250568,1.85645,0.08253109,-0.8092517,1.80815,0.08180427,-0.04171061,1.808047,-0.2523794,-0.4259057,1.759747,0.05621802,-0.4254933,1.978562,0.6020263,-0.2524116,-0.2099375,0.3365138,-0.006153047,0.1362372,0.5512087,-0.2524116,0.16725,0.3873526,-0.006153047,-0.2409707,0.1218406,-0.2524116,0.1052049,0.1726578,-0.2524116,-0.272004,0.3873526,-0.4986699,-0.2409707,0.3365138,-0.4986699,0.1362372,0.2493878,0.4226951,0.7084545,0.8372555,-0.2566804,0.7974305,-0.3396553,-0.2566804,0.6273516,0.2478702,-0.9274454,0.7184724,0.186651,-0.4321392,1.12057,1.94791,-0.5686691,1.350798,1.437122,-0.5580456,1.100097,1.445993,0.09178751,1.101638,1.958106,0.08113974,1.352986,1.179399,0.1567174,1.501882,1.788427,0.1440565,1.800799,1.168839,-0.6160629,1.500049,1.776286,-0.6286755,1.798196,0.941981,-0.1075621,2.459409,1.129721,-0.3545725,2.55255,0.9386044,-0.350304,2.458743,1.133291,-0.1114187,2.553257,1.22713,-0.1126072,2.371933,1.223325,-0.3554459,2.37112,1.555071,-0.6261529,2.226223,1.56717,0.1465791,2.228826,0.9581627,0.1592398,1.929931,1.035755,-0.1086294,2.278,1.032442,-0.3514678,2.277439,0.9476243,-0.6135405,1.928076,0.9084646,0.1569114,3.14043