{
  "actions": {
  "ArmatureAction": { 
    "0.0": [
      [-0.010643746703863144, 0.06740376353263855, 0.9976690411567688, 0.1489696502685547, 0.9960901141166687, -0.08679044246673584, 0.016490573063492775, -0.2345123589038849, 0.08769970387220383, 0.9939437508583069, -0.06621643900871277, 4.180955410003662, 0.0, 0.0, 0.0, 1.0],
      [-0.8783168196678162, 0.11875393241643906, 0.46309512853622437, 0.16040374338626862, 0.4579189717769623, -0.06935425102710724, 0.8862845301628113, -0.24923501908779144, 0.1373673975467682, 0.9904986619949341, 0.006535377353429794, 4.349562644958496, 0.0, 0.0, 0.0, 1.0],
      [-0.8769083619117737, -0.1327057182788849, -0.4643413722515106, -0.9950202703475952, 0.45867210626602173, 0.07662883400917053, -0.8856338262557983, 0.3453904390335083, 0.15335223078727722, -0.9881893396377563, -0.006319008301943541, 5.608684539794922, 0.0, 0.0, 0.0, 1.0],
      [-0.8500475287437439, 0.1369122862815857, -0.5107505917549133, -1.1509778499603271, 0.5270240902900696, 0.30905044078826904, -0.7920435070991516, 0.4354456663131714, 0.049792926758527756, -0.9411650896072388, -0.3343709409236908, 4.447351455688477, 0.0, 0.0, 0.0, 1.0],
      [-0.8773415684700012, -0.13270540535449982, -0.46339887380599976, 1.573757529258728, 0.4576827585697174, 0.07662875950336456, -0.8861262202262878, -0.9942390322685242, 0.1533321589231491, -0.9881893396377563, -0.006483841687440872, 5.206905364990234, 0.0, 0.0, 0.0, 1.0],
      [-0.8474618792533875, 0.36410146951675415, -0.3889935612678528, 1.4178004264831543, 0.5330516695976257, 0.5546848177909851, -0.6393323540687561, -0.9041838645935059, -0.016562344506382942, -0.7482304573059082, -0.6632856130599976, 4.045572280883789, 0.0, 0.0, 0.0, 1.0],
      [-0.8783155083656311, 0.11875401437282562, 0.46309763193130493, 0.3401588499546051, 0.45792150497436523, -0.06935407966375351, 0.8862832188606262, -0.35421496629714966, 0.1373673975467682, 0.9904986619949341, 0.006534797139465809, 5.848857879638672, 0.0, 0.0, 0.0, 1.0],
      [-0.3373107314109802, -0.13018099963665009, -0.9323486685752869, 0.1698671132326126, 0.9269528388977051, 0.1269197165966034, -0.35308006405830383, -0.2690655589103699, 0.16429872810840607, -0.9833332896232605, 0.07786211371421814, 4.4872212409973145, 0.0, 0.0, 0.0, 1.0],
      [-0.29184460639953613, 0.32399916648864746, -0.8999171257019043, -0.12396079301834106, 0.816099226474762, 0.575045108795166, -0.057627514004707336, 0.28568607568740845, 0.4988199770450592, -0.751234769821167, -0.4322334825992584, 3.3619353771209717, 0.0, 0.0, 0.0, 1.0],
      [-0.14711982011795044, -0.35195595026016235, -0.9243820905685425, 0.5566554069519043, 0.9000744819641113, 0.3399028182029724, -0.27266812324523926, 1.4936676025390625, 0.4101659059524536, -0.8721197247505188, 0.26678064465522766, 1.7838369607925415, 0.0, 0.0, 0.0, 1.0],
      [-0.21958622336387634, 0.21754691004753113, -0.9510283470153809, 0.1432461142539978, 0.7946363091468811, -0.5256636142730713, -0.30372145771980286, -0.48528820276260376, -0.5659889578819275, -0.822409987449646, -0.05743923783302307, 3.3098576068878174, 0.0, 0.0, 0.0, 1.0],
      [-0.3646259009838104, -0.35338079929351807, -0.8614926934242249, 0.6002411246299744, 0.771899938583374, -0.6321746706962585, -0.06739045679569244, -1.5895357131958008, -0.5207935571670532, -0.6895531415939331, 0.503280758857727, 1.5822428464889526, 0.0, 0.0, 0.0, 1.0],
      [-0.07175132632255554, 0.010507896542549133, 0.997367262840271, 0.09220355749130249, 0.9974202513694763, 0.00290490104816854, 0.071724534034729, -0.7893320322036743, -0.002143536927178502, 0.9999405741691589, -0.010689213871955872, 0.35803377628326416, 0.0, 0.0, 0.0, 1.0]
    ]
  },
  "idle": { 
    "0.0": [
      [0.9999845623970032, 0.005339177791029215, 0.0015709208091720939, -0.09299182146787643, 0.0015149384271353483, 0.010473271831870079, -0.9999440312385559, 0.11403243988752365, -0.00535533158108592, 0.9999309182167053, 0.010464982129633427, 4.5384840965271, 0.0, 0.0, 0.0, 1.0],
      [0.9999845623970032, 0.005339165683835745, 0.0015717799542471766, -0.09208611398935318, 0.001515797572210431, 0.010473296046257019, -0.9999440312385559, 0.11580898612737656, -0.005355328321456909, 0.9999309182167053, 0.010465001687407494, 4.708106994628906, 0.0, 0.0, 0.0, 1.0],
      [1.001375436782837, 0.01056374330073595, -0.00014939613174647093, 1.37367844581604, 0.00026065518613904715, -0.010449307039380074, 0.9999454021453857, 0.12905019521713257, 0.01059948094189167, -0.9998900890350342, -0.010451422072947025, 5.768923282623291, 0.0, 0.0, 0.0, 1.0],
      [1.0014101266860962, -0.005339279305189848, -0.0036994637921452522, 1.3860931396484375, 0.0036394281778484583, -0.010473127476871014, 0.9999386072158813, 0.11677002906799316, -0.005317054223269224, -0.9999321103096008, -0.010453637689352036, 4.593839168548584, 0.0, 0.0, 0.0, 1.0],
      [1.0012985467910767, 0.010563436895608902, -0.0012254011817276478, -1.5511106252670288, 0.0013380850432440639, -0.01044938713312149, 0.9999446272850037, 0.12494680285453796, 0.01058589294552803, -0.9998900294303894, -0.010462862439453602, 5.78458309173584, 0.0, 0.0, 0.0, 1.0],
      [1.0013340711593628, -0.005339069291949272, -0.003667762503027916, -1.5386962890625, 0.0036109122447669506, -0.010473109781742096, 0.9999387264251709, 0.1126665472984314, -0.00531976530328393, -0.9999318718910217, -0.010453710332512856, 4.609498977661133, 0.0, 0.0, 0.0, 1.0],
      [0.9999845623970032, 0.005339177791029215, 0.0015689050778746605, -0.08400434255599976, 0.0015129236271604896, 0.010473108850419521, -0.9999440312385559, 0.13166217505931854, -0.005355309695005417, 0.9999309182167053, 0.01046482939273119, 6.2216796875, 0.0, 0.0, 0.0, 1.0],
      [0.9999621510505676, -0.00929766520857811, -0.0022665751166641712, -0.09912396222352982, 0.0021691694855690002, -0.010478409938514233, 0.9999428391456604, 0.11725588887929916, -0.009320986457169056, -0.999902069568634, -0.01045460905879736, 4.847322940826416, 0.0, 0.0, 0.0, 1.0],
      [0.9999775290489197, -0.007610178552567959, -0.0016830468084663153, 0.3228888511657715, 0.0016033286228775978, -0.010476291179656982, 0.9999439120292664, 0.10555559396743774, -0.007627501618117094, -0.9999164342880249, -0.010460617020726204, 3.6705567836761475, 0.0, 0.0, 0.0, 1.0],
      [0.9999915361404419, -0.005339173600077629, -0.0020693494006991386, 0.30690234899520874, 0.0020133969374001026, -0.010473281145095825, 0.999943196773529, 0.08354833722114563, -0.005360677372664213, -0.9999312162399292, -0.010459205135703087, 1.5700595378875732, 0.0, 0.0, 0.0, 1.0],
      [0.9999786019325256, -0.007610151078552008, -0.0008660058956593275, -0.49941644072532654, 0.0007863156497478485, -0.010476268827915192, 0.9999449253082275, 0.10440179705619812, -0.0076189241372048855, -0.9999163746833801, -0.01046682521700859, 3.674959182739258, 0.0, 0.0, 0.0, 1.0],
      [0.9999915957450867, -0.0053392210975289345, -0.0020694013219326735, -0.5154029130935669, 0.00201344839297235, -0.010473279282450676, 0.9999432563781738, 0.08239457756280899, -0.005360724870115519, -0.9999310970306396, -0.010459204204380512, 1.5744614601135254, 0.0, 0.0, 0.0, 1.0],
      [0.9999845623970032, 0.005339127965271473, 0.0015709856525063515, -0.12040797621011734, 0.0015150049002841115, 0.010473069734871387, -0.9999440312385559, 0.06025318801403046, -0.005355281755328178, 0.9999309182167053, 0.010464780032634735, -0.5960807800292969, 0.0, 0.0, 0.0, 1.0]
    ]
  },
  "left": { 
    "0.0": [
      [-0.5136050581932068, -0.46402886509895325, 0.721725344657898, -2.723390817642212, 0.842607855796814, -0.11402413249015808, 0.5263181328773499, -0.34677156805992126, -0.16193260252475739, 0.8784507513046265, 0.44955769181251526, 3.9095535278320312, 0.0, 0.0, 0.0, 1.0],
      [-0.9221076965332031, -0.3843472898006439, -0.04466710984706879, -2.8021061420440674, -0.19752782583236694, 0.3683207631111145, 0.9084728956222534, -0.36611396074295044, -0.33271726965904236, 0.8465324640274048, -0.41555050015449524, 4.058569431304932, 0.0, 0.0, 0.0, 1.0],
      [-0.9695066809654236, -0.1580895334482193, -0.19377578794956207, -4.559220314025879, 0.2390090376138687, -0.36685219407081604, -0.8991081118583679, -0.260743647813797, 0.07020359486341476, -0.9171428084373474, 0.39268550276756287, 4.477402210235596, 0.0, 0.0, 0.0, 1.0],
      [-0.9494009017944336, -0.09956875443458557, -0.30200785398483276, -4.745009422302246, 0.31322795152664185, -0.14457958936691284, -0.9386619925498962, -0.6918732523918152, 0.04900195077061653, -0.9847370386123657, 0.16784879565238953, 3.399563789367676, 0.0, 0.0, 0.0, 1.0],
      [-0.7228114008903503, 0.5935966372489929, 0.35712575912475586, -1.8621935844421387, -0.2856087386608124, 0.21493491530418396, -0.9339847564697266, 0.3166924715042114, -0.6310957670211792, -0.7757444977760315, 0.01429566740989685, 5.450682163238525, 0.0, 0.0, 0.0, 1.0],
      [-0.6496725082397461, 0.1959211826324463, 0.7361334562301636, -1.164590835571289, -0.1186261773109436, 0.9287909865379333, -0.35124361515045166, 0.5692868232727051, -0.7522404789924622, -0.3148716688156128, -0.5790127515792847, 4.5390167236328125, 0.0, 0.0, 0.0, 1.0],
      [-0.9221078157424927, -0.3843472898006439, -0.04466438665986061, -3.3838839530944824, -0.19752521812915802, 0.36832094192504883, 0.9084733724594116, 0.19140475988388062, -0.33271846175193787, 0.84653240442276, -0.41554969549179077, 5.339946269989014, 0.0, 0.0, 0.0, 1.0],
      [-0.5335230231285095, 0.3443784713745117, -0.7725046277046204, -2.8626956939697266, 0.8355467915534973, 0.07284965366125107, -0.5445790886878967, -0.38854122161865234, -0.13126613199710846, -0.9359999895095825, -0.3266060948371887, 4.182095050811768, 0.0, 0.0, 0.0, 1.0],
      [-0.5566103458404541, 0.7477432489395142, -0.362038254737854, -2.6413676738739014, 0.8185304999351501, 0.5681540966033936, -0.08497309684753418, 0.06750815361738205, 0.14215123653411865, -0.34363481402397156, -0.9282814860343933, 2.9555046558380127, 0.0, 0.0, 0.0, 1.0],
      [-0.4575897455215454, 0.3951526880264282, -0.7965379953384399, -1.070603847503662, 0.8569820523262024, 0.43485182523727417, -0.2765814960002899, 1.2610138654708862, 0.23707875609397888, -0.809173047542572, -0.5376161336898804, 2.233640432357788, 0.0, 0.0, 0.0, 1.0],
      [0.22556807100772858, 0.8953468799591064, -0.38403093814849854, -2.2983102798461914, 0.7934905290603638, -0.3975572884082794, -0.46079596877098083, -0.6370363831520081, -0.5652434825897217, -0.20078061521053314, -0.8001158237457275, 3.2043585777282715, 0.0, 0.0, 0.0, 1.0],
      [0.08447101712226868, 0.39055439829826355, -0.916700005531311, -0.41747891902923584, 0.6904474496841431, -0.6862700581550598, -0.2287524789571762, -1.4721744060516357, -0.718438982963562, -0.613601565361023, -0.3276231586933136, 2.7825841903686523, 0.0, 0.0, 0.0, 1.0],
      [-0.3680019676685333, -0.5217443704605103, 0.7696477770805359, -0.03693634271621704, 0.9043052792549133, -0.008231868036091328, 0.426807165145874, -0.110923171043396, -0.21634848415851593, 0.8530621528625488, 0.4748455286026001, 1.1377933025360107, 0.0, 0.0, 0.0, 1.0]
    ]
  },
  "neutral": { 
    "0.0": [
      [-0.010643746703863144, 0.06740376353263855, 0.9976690411567688, 0.1489696502685547, 0.9960901141166687, -0.08679044246673584, 0.016490573063492775, -0.2345123589038849, 0.08769970387220383, 0.9939437508583069, -0.06621643900871277, 4.180955410003662, 0.0, 0.0, 0.0, 1.0],
      [-0.8783168196678162, 0.11875393241643906, 0.46309512853622437, 0.16040374338626862, 0.4579189717769623, -0.06935425102710724, 0.8862845301628113, -0.24923501908779144, 0.1373673975467682, 0.9904986619949341, 0.006535377353429794, 4.349562644958496, 0.0, 0.0, 0.0, 1.0],
      [-0.8769083619117737, -0.1327057182788849, -0.4643413722515106, -0.9950202703475952, 0.45867210626602173, 0.07662883400917053, -0.8856338262557983, 0.3453904390335083, 0.15335223078727722, -0.9881893396377563, -0.006319008301943541, 5.608684539794922, 0.0, 0.0, 0.0, 1.0],
      [-0.8500475287437439, 0.1369122862815857, -0.5107505917549133, -1.1509778499603271, 0.5270240902900696, 0.30905044078826904, -0.7920435070991516, 0.4354456663131714, 0.049792926758527756, -0.9411650896072388, -0.3343709409236908, 4.447351455688477, 0.0, 0.0, 0.0, 1.0],
      [-0.8773415684700012, -0.13270540535449982, -0.46339887380599976, 1.573757529258728, 0.4576827585697174, 0.07662875950336456, -0.8861262202262878, -0.9942390322685242, 0.1533321589231491, -0.9881893396377563, -0.006483841687440872, 5.206905364990234, 0.0, 0.0, 0.0, 1.0],
      [-0.8474618792533875, 0.36410146951675415, -0.3889935612678528, 1.4178004264831543, 0.5330516695976257, 0.5546848177909851, -0.6393323540687561, -0.9041838645935059, -0.016562344506382942, -0.7482304573059082, -0.6632856130599976, 4.045572280883789, 0.0, 0.0, 0.0, 1.0],
      [-0.8783155083656311, 0.11875401437282562, 0.46309763193130493, 0.3401588499546051, 0.45792150497436523, -0.06935407966375351, 0.8862832188606262, -0.35421496629714966, 0.1373673975467682, 0.9904986619949341, 0.006534797139465809, 5.848857879638672, 0.0, 0.0, 0.0, 1.0],
      [-0.3373107314109802, -0.13018099963665009, -0.9323486685752869, 0.1698671132326126, 0.9269528388977051, 0.1269197165966034, -0.35308006405830383, -0.2690655589103699, 0.16429872810840607, -0.9833332896232605, 0.07786211371421814, 4.4872212409973145, 0.0, 0.0, 0.0, 1.0],
      [-0.29184460639953613, 0.32399916648864746, -0.8999171257019043, -0.12396079301834106, 0.816099226474762, 0.575045108795166, -0.057627514004707336, 0.28568607568740845, 0.4988199770450592, -0.751234769821167, -0.4322334825992584, 3.3619353771209717, 0.0, 0.0, 0.0, 1.0],
      [-0.14711982011795044, -0.35195595026016235, -0.9243820905685425, 0.5566554069519043, 0.9000744819641113, 0.3399028182029724, -0.27266812324523926, 1.4936676025390625, 0.4101659059524536, -0.8721197247505188, 0.26678064465522766, 1.7838369607925415, 0.0, 0.0, 0.0, 1.0],
      [-0.21958622336387634, 0.21754691004753113, -0.9510283470153809, 0.1432461142539978, 0.7946363091468811, -0.5256636142730713, -0.30372145771980286, -0.48528820276260376, -0.5659889578819275, -0.822409987449646, -0.05743923783302307, 3.3098576068878174, 0.0, 0.0, 0.0, 1.0],
      [-0.3646259009838104, -0.35338079929351807, -0.8614926934242249, 0.6002411246299744, 0.771899938583374, -0.6321746706962585, -0.06739045679569244, -1.5895357131958008, -0.5207935571670532, -0.6895531415939331, 0.503280758857727, 1.5822428464889526, 0.0, 0.0, 0.0, 1.0],
      [-0.07175132632255554, 0.010507896542549133, 0.997367262840271, 0.09220355749130249, 0.9974202513694763, 0.00290490104816854, 0.071724534034729, -0.7893320322036743, -0.002143536927178502, 0.9999405741691589, -0.010689213871955872, 0.35803377628326416, 0.0, 0.0, 0.0, 1.0]
    ]
  },
  "right": { 
    "0.0": [
      [0.6409245729446411, 0.5106841325759888, 0.5730772018432617, 2.6717581748962402, 0.7672317624092102, -0.40295323729515076, -0.49898311495780945, -1.0574921369552612, -0.023899395018815994, 0.7594935297966003, -0.6500756740570068, 3.9761171340942383, 0.0, 0.0, 0.0, 1.0],
      [-0.5650849342346191, 0.3845454454421997, 0.7299342155456543, 2.758388042449951, 0.6776062846183777, -0.2884068787097931, 0.6765139698982239, -1.1258469820022583, 0.47066837549209595, 0.8768957853317261, -0.09759598970413208, 4.104953289031982, 0.0, 0.0, 0.0, 1.0],
      [-0.09649638831615448, -0.5828330516815186, -0.8073885440826416, 2.344405174255371, 0.564411461353302, 0.637157142162323, -0.526081919670105, -0.44459807872772217, 0.8210509419441223, -0.5050345063209534, 0.26740920543670654, 5.7292962074279785, 0.0, 0.0, 0.0, 1.0],
      [-0.15849798917770386, -0.14870578050613403, -0.9765486717224121, 1.659451961517334, 0.7283264398574829, 0.6511955261230469, -0.21627944707870483, 0.3041974902153015, 0.668401837348938, -0.7442442178726196, 0.005646273493766785, 5.135772705078125, 0.0, 0.0, 0.0, 1.0],
      [-0.6051907539367676, 0.13159269094467163, -0.7856622338294983, 3.996943712234497, 0.7018487453460693, -0.38065558671951294, -0.6031002998352051, -2.4267070293426514, -0.37709173560142517, -0.9162014126777649, 0.13795684278011322, 4.352701187133789, 0.0, 0.0, 0.0, 1.0],
      [-0.5234226584434509, 0.5216470956802368, -0.6743520498275757, 4.151593208312988, 0.7500172257423401, -0.09646821022033691, -0.6552773714065552, -2.874058485031128, -0.40553605556488037, -0.8486392498016357, -0.34059810638427734, 3.2759690284729004, 0.0, 0.0, 0.0, 1.0],
      [-0.565082848072052, 0.38454559445381165, 0.7299357652664185, 3.340465545654297, 0.6776082515716553, -0.28840675950050354, 0.6765120625495911, -1.5624018907546997, 0.47066810727119446, 0.8768957853317261, -0.09759750962257385, 5.432290554046631, 0.0, 0.0, 0.0, 1.0],
      [0.16908469796180725, -0.46268996596336365, -0.8702489137649536, 2.824479341506958, 0.8882745504379272, 0.45412880182266235, -0.06887272000312805, -1.1879010200500488, 0.42706966400146484, -0.761370837688446, 0.48778000473976135, 4.210849285125732, 0.0, 0.0, 0.0, 1.0],
      [0.28902751207351685, -0.056151509284973145, -0.9556751251220703, 2.355320453643799, 0.582915186882019, 0.8022084832191467, 0.1291486769914627, -0.2706887722015381, 0.7593951225280762, -0.5944023132324219, 0.2645909786224365, 3.5025980472564697, 0.0, 0.0, 0.0, 1.0],
      [0.31622010469436646, -0.8012334108352661, -0.5079712867736816, 2.2373645305633545, 0.7599924206733704, 0.5344275236129761, -0.3698742389678955, 1.414488673210144, 0.5678265690803528, -0.2690911889076233, 0.7779245376586914, 2.253953456878662, 0.0, 0.0, 0.0, 1.0],
      [-0.24399541318416595, -0.7222678661346436, -0.6471477150917053, 2.2141971588134766, 0.9697614312171936, -0.17780669033527374, -0.167199045419693, -0.9996883869171143, 0.005695261061191559, -0.6683713793754578, 0.7438083291053772, 3.149261951446533, 0.0, 0.0, 0.0, 1.0],
      [-0.2318391352891922, -0.9475978016853333, -0.21980425715446472, 0.6969482898712158, 0.9679392576217651, -0.20227470993995667, -0.1489521563053131, -1.3732022047042847, 0.09668540954589844, -0.2472885549068451, 0.964107871055603, 1.7452319860458374, 0.0, 0.0, 0.0, 1.0],
      [0.45882388949394226, 0.4765714108943939, 0.7499068975448608, -0.19168755412101746, 0.885974645614624, -0.30931782722473145, -0.34550192952156067, -0.10435605049133301, 0.06730325520038605, 0.822922945022583, -0.5641525983810425, 1.4005063772201538, 0.0, 0.0, 0.0, 1.0]
    ]
  },
  "right.001": { 
    "0.0": [
      [0.5208860039710999, 0.27377721667289734, 0.8085319399833679, 2.787280321121216, 0.8534142374992371, -0.14590977132320404, -0.5003942847251892, -0.1222713515162468, -0.019023817032575607, 0.9506610035896301, -0.30964773893356323, 3.211697578430176, 0.0, 0.0, 0.0, 1.0],
      [-0.7622014880180359, 0.10375390946865082, 0.6389711499214172, 2.8337225914001465, 0.6391176581382751, -0.03621096909046173, 0.7682560086250305, -0.14702275395393372, 0.10284735262393951, 0.9939436316490173, -0.038710884749889374, 3.372962474822998, 0.0, 0.0, 0.0, 1.0],
      [-0.4258791506290436, -0.45211270451545715, -0.7847740054130554, 1.8318347930908203, 0.6851001977920532, 0.4074943959712982, -0.6047779321670532, 0.7475684881210327, 0.5926729440689087, -0.7938928604125977, 0.136086106300354, 4.585356712341309, 0.0, 0.0, 0.0, 1.0],
      [-0.45228880643844604, 0.032037049531936646, -0.8922207355499268, 1.3005058765411377, 0.8018515110015869, 0.4552065134048462, -0.3885762095451355, 1.226461410522461, 0.3934601843357086, -0.8898478746414185, -0.23109859228134155, 3.6523633003234863, 0.0, 0.0, 0.0, 1.0],
      [-0.5226818919181824, 0.4692055881023407, -0.7128913402557373, 4.060936450958252, 0.4904880225658417, -0.5200470089912415, -0.7000555396080017, -1.1219980716705322, -0.698047935962677, -0.7148691415786743, 0.04165712371468544, 4.284557819366455, 0.0, 0.0, 0.0, 1.0],
      [-0.42273837327957153, 0.8227384090423584, -0.3820444941520691, 4.612353324890137, 0.42489728331565857, -0.1941421926021576, -0.8848029375076294, -1.7331643104553223, -0.8008787035942078, -0.5359233617782593, -0.26725152134895325, 3.44443416595459, 0.0, 0.0, 0.0, 1.0],
      [-0.7621996402740479, 0.10375402122735977, 0.6389732956886292, 2.9907724857330322, 0.6391198635101318, -0.036210816353559494, 0.7682541608810425, -0.20183447003364563, 0.10284722596406937, 0.9939436316490173, -0.038711365312337875, 4.877471923828125, 0.0, 0.0, 0.0, 1.0],
      [0.5192395448684692, -0.2758377194404602, -0.8088923692703247, 2.86777400970459, 0.8543398380279541, 0.14253072440624237, 0.4997994601726532, -0.1739710420370102, -0.022571714594960213, -0.9505782127380371, 0.3096672296524048, 3.505427598953247, 0.0, 0.0, 0.0, 1.0],
      [0.39833900332450867, -0.5405329465866089, -0.7410486936569214, 2.7693369388580322, 0.9060024619102478, 0.10574629157781601, 0.4098638892173767, 0.3628932237625122, -0.1431809365749359, -0.834650456905365, 0.5318459272384644, 2.380662202835083, 0.0, 0.0, 0.0, 1.0],
      [0.2870005965232849, -0.9578898549079895, 0.008985131978988647, 1.6338541507720947, 0.8796877264976501, 0.26725172996520996, 0.39336642622947693, 0.5850315690040588, -0.3792005181312561, -0.10498929023742676, 0.9193402528762817, 0.627334713935852, 0.0, 0.0, 0.0, 1.0],
      [0.6084718704223633, -0.0058317407965660095, -0.7935559749603271, 2.340928554534912, 0.6065723896026611, 0.6482139229774475, 0.46032580733299255, -0.33883851766586304, 0.5117056369781494, -0.7614392042160034, 0.3979572057723999, 2.396334171295166, 0.0, 0.0, 0.0, 1.0],
      [0.6075276732444763, -0.12400894612073898, -0.7845603227615356, 2.3286778926849365, 0.6056526303291321, 0.7113916873931885, 0.35653603076934814, 1.0228471755981445, 0.5139122605323792, -0.6917714476585388, 0.5072956085205078, 0.7967990636825562, 0.0, 0.0, 0.0, 1.0],
      [0.46943068504333496, 0.071878582239151, 0.880038857460022, 0.9286874532699585, 0.8828036189079285, -0.018898263573646545, -0.46936196088790894, -0.8327615261077881, -0.017105860635638237, 0.9972343444824219, -0.07232612371444702, -1.1014654636383057, 0.0, 0.0, 0.0, 1.0]
    ]
  },
  "root": { 
    "0.0": [
      [0.9074034094810486, -0.4202500283718109, -0.003026895225048065, -0.09299182146787643, 0.0015149470418691635, 0.010473271831870079, -0.9999440312385559, 0.11403243988752365, 0.42025822401046753, 0.9073479771614075, 0.010140099562704563, 4.5384840965271, 0.0, 0.0, 0.0, 1.0],
      [0.9074034094810486, -0.4202500283718109, -0.003026125952601433, -0.16428078711032867, 0.0015158061869442463, 0.010473296046257019, -0.9999440312385559, 0.11580898612737656, 0.42025822401046753, 0.9073479771614075, 0.01014048233628273, 4.692401885986328, 0.0, 0.0, 0.0, 1.0],
      [-0.4550991654396057, 0.8094341158866882, -0.3741758167743683, 0.7114768028259277, 0.0823654979467392, 0.4559633731842041, 0.8861790895462036, 0.12905021011829376, 0.8866240978240967, 0.3730725049972534, -0.2743622064590454, 6.275704383850098, 0.0, 0.0, 0.0, 1.0],
      [-0.4435116946697235, 0.8165668249130249, -0.37258878350257874, 1.6627345085144043, 0.09273666888475418, 0.45457932353019714, 0.8858655095100403, 0.6649044156074524, 0.8914585709571838, 0.35895177721977234, -0.27751657366752625, 6.714144229888916, 0.0, 0.0, 0.0, 1.0],
      [0.9018159508705139, 0.4346267282962799, 0.0033387381117790937, -1.9425263404846191, 0.001338093657977879, -0.01044938713312149, 0.9999446272850037, 0.12494678795337677, 0.4352458715438843, -0.9005506038665771, -0.0099912965670228, 5.046514987945557, 0.0, 0.0, 0.0, 1.0],
      [0.9086098074913025, 0.4202505648136139, 0.0011241664178669453, -1.4317471981048584, 0.003610920626670122, -0.010473109781742096, 0.9999387264251709, 0.1126665323972702, 0.4208641052246094, -0.9073488712310791, -0.011021289974451065, 3.988175868988037, 0.0, 0.0, 0.0, 1.0],
      [0.9074034094810486, -0.4202500283718109, -0.003028654959052801, -0.8004036545753479, 0.0015129322418943048, 0.010473108850419521, -0.9999440312385559, 0.13166217505931854, 0.4202582538127899, 0.9073479771614075, 0.010139104910194874, 6.065834045410156, 0.0, 0.0, 0.0, 1.0],
      [0.9090689420700073, 0.4166547656059265, 0.0023928205482661724, -0.22983339428901672, 0.0021691781003028154, -0.010478409938514233, 0.9999428391456604, 0.11725588887929916, 0.4166592061519623, -0.9090046882629395, -0.010426441207528114, 4.815419673919678, 0.0, 0.0, 0.0, 1.0],
      [0.9083629846572876, 0.41818827390670776, 0.0029235498514026403, 0.6524051427841187, 0.001603337237611413, -0.010476291179656982, 0.9999439120292664, 0.10555559396743774, 0.4181986153125763, -0.9083002805709839, -0.010183813981711864, 3.9296834468841553, 0.0, 0.0, 0.0, 1.0],
      [0.9074119925498962, 0.4202501177787781, 0.002573291538283229, 1.5308818817138672, 0.002013405552133918, -0.010473281145095825, 0.999943196773529, 0.08354833722114563, 0.4202563464641571, -0.9073482155799866, -0.010346758179366589, 2.021641731262207, 0.0, 0.0, 0.0, 1.0],
      [0.9083603024482727, 0.41818827390670776, 0.0036657259333878756, -0.09376850724220276, 0.0007863242644816637, -0.010476268827915192, 0.9999449253082275, 0.10440179705619812, 0.4182068407535553, -0.9083002209663391, -0.009842099621891975, 3.5840964317321777, 0.0, 0.0, 0.0, 1.0],
      [0.907412052154541, 0.4202500581741333, 0.002573244273662567, 0.7847084999084473, 0.0020134570077061653, -0.010473279282450676, 0.9999432563781738, 0.08239457756280899, 0.4202563464641571, -0.9073481559753418, -0.010346779599785805, 1.6760542392730713, 0.0, 0.0, 0.0, 1.0],
      [0.9074034094810486, -0.4202500879764557, -0.003026750637218356, 2.064958333969116, 0.0015150135150179267, 0.010473069734871387, -0.9999440312385559, 0.06025318801403046, 0.4202582836151123, 0.9073479771614075, 0.010139944031834602, -0.12067508697509766, 0.0, 0.0, 0.0, 1.0]
    ]
  },
  "spread": { 
    "0.0": [
      [0.9999845623970032, 0.005339177791029215, 0.0015709208091720939, -0.09299182146787643, 0.0015149384271353483, 0.010473271831870079, -0.9999440312385559, 0.11403243988752365, -0.00535533158108592, 0.9999309182167053, 0.010464982129633427, 4.5384840965271, 0.0, 0.0, 0.0, 1.0],
      [0.9999845623970032, 0.005339165683835745, 0.0015717799542471766, -0.09208611398935318, 0.001515797572210431, 0.010473296046257019, -0.9999440312385559, 0.11580898612737656, -0.005355328321456909, 0.9999309182167053, 0.010465001687407494, 4.708106994628906, 0.0, 0.0, 0.0, 1.0],
      [0.4346863329410553, 0.9021313190460205, 0.008444871753454208, 1.37367844581604, 0.0009294850751757622, -0.009807059541344643, 0.9999514818191528, 0.12905019521713257, 0.9009047150611877, -0.43398889899253845, -0.005093710031360388, 5.768923282623291, 0.0, 0.0, 0.0, 1.0],
      [0.44898444414138794, 0.8951146602630615, 0.00687209190800786, 2.43387508392334, 0.00431838957592845, -0.009841582737863064, 0.9999423027038574, 0.11752481013536453, 0.893875777721405, -0.4482403099536896, -0.008271905593574047, 5.258893966674805, 0.0, 0.0, 0.0, 1.0],
      [0.5664734840393066, -0.8256722688674927, -0.009220688603818417, -1.5511106252670288, 7.008109241724014e-05, -0.011123699136078358, 0.9999382495880127, 0.12494680285453796, -0.8245786428451538, -0.5657143592834473, -0.006235314533114433, 5.78458309173584, 0.0, 0.0, 0.0, 1.0],
      [0.5532657504081726, -0.8345639109611511, -0.010573341511189938, -2.521451711654663, 0.00233234791085124, -0.011127199977636337, 0.999935507774353, 0.11187408119440079, -0.8334712386131287, -0.5525481700897217, -0.0042045218870043755, 5.119748115539551, 0.0, 0.0, 0.0, 1.0],
      [0.9999845623970032, 0.005339177791029215, 0.0015689050778746605, -0.08400434255599976, 0.0015129236271604896, 0.010473108850419521, -0.9999440312385559, 0.13166217505931854, -0.005355309695005417, 0.9999309182167053, 0.01046482939273119, 6.2216796875, 0.0, 0.0, 0.0, 1.0],
      [0.9999621510505676, -0.00929766520857811, -0.0022665751166641712, -0.09912396222352982, 0.0021691694855690002, -0.010478409938514233, 0.9999428391456604, 0.11725588887929916, -0.009320986457169056, -0.999902069568634, -0.01045460905879736, 4.847322940826416, 0.0, 0.0, 0.0, 1.0],
      [0.844926118850708, 0.5348863005638123, 0.0035078958608210087, 0.3228888511657715, 0.0018351813778281212, -0.009456700645387173, 0.9999536871910095, 0.10555559396743774, 0.534890353679657, -0.8448742032051086, -0.008968602865934372, 3.6705567836761475, 0.0, 0.0, 0.0, 1.0],
      [0.8437105417251587, 0.5368037819862366, 0.0031823222525417805, 1.4465099573135376, 0.0022429374512284994, -0.009453167207539082, 0.9999529123306274, 0.08569016307592392, 0.53680419921875, -0.8436573147773743, -0.0091765271499753, 1.8957525491714478, 0.0, 0.0, 0.0, 1.0],
      [0.6817655563354492, -0.7315400242805481, -0.007797818630933762, -0.49941644072532654, -0.00011815503239631653, -0.01076904684305191, 0.9999421238899231, 0.10440179705619812, -0.7315760254859924, -0.6817197799682617, -0.0074251871556043625, 3.674959182739258, 0.0, 0.0, 0.0, 1.0],
      [0.6834152936935425, -0.7299898862838745, -0.008619394153356552, -2.0361430644989014, 0.0011096422094851732, -0.010768109932541847, 0.9999415278434753, 0.08177954703569412, -0.7300344109535217, -0.6833794116973877, -0.006545856595039368, 2.2428884506225586, 0.0, 0.0, 0.0, 1.0],
      [0.9999845623970032, 0.005339127965271473, 0.0015709856525063515, -0.12040797621011734, 0.0015150049002841115, 0.010473069734871387, -0.9999440312385559, 0.06025318801403046, -0.005355281755328178, 0.9999309182167053, 0.010464780032634735, -0.5960807800292969, 0.0, 0.0, 0.0, 1.0]
    ]
  },
  "wave": { 
    "0.0": [
      [0.9999845623970032, 0.005339177791029215, 0.0015709208091720939, -0.09299182146787643, 0.0015149384271353483, 0.010473271831870079, -0.9999440312385559, 0.11403243988752365, -0.00535533158108592, 0.9999309182167053, 0.010464982129633427, 4.5384840965271, 0.0, 0.0, 0.0, 1.0],
      [0.9999845623970032, 0.005339165683835745, 0.0015717799542471766, -0.09208611398935318, 0.001515797572210431, 0.010473296046257019, -0.9999440312385559, 0.11580898612737656, -0.005355328321456909, 0.9999309182167053, 0.010465001687407494, 4.708106994628906, 0.0, 0.0, 0.0, 1.0],
      [0.4346863329410553, 0.9021313190460205, 0.008444871753454208, 1.37367844581604, 0.0009294850751757622, -0.009807059541344643, 0.9999514818191528, 0.12905019521713257, 0.9009047150611877, -0.43398889899253845, -0.005093710031360388, 5.768923282623291, 0.0, 0.0, 0.0, 1.0],
      [0.44898444414138794, 0.8951146602630615, 0.00687209190800786, 2.43387508392334, 0.00431838957592845, -0.009841582737863064, 0.9999423027038574, 0.11752481013536453, 0.893875777721405, -0.4482403099536896, -0.008271905593574047, 5.258893966674805, 0.0, 0.0, 0.0, 1.0],
      [0.5664734840393066, -0.8256722688674927, -0.009220688603818417, -1.5511106252670288, 7.008109241724014e-05, -0.011123699136078358, 0.9999382495880127, 0.12494680285453796, -0.8245786428451538, -0.5657143592834473, -0.006235314533114433, 5.78458309173584, 0.0, 0.0, 0.0, 1.0],
      [0.5532657504081726, -0.8345639109611511, -0.010573341511189938, -2.521451711654663, 0.00233234791085124, -0.011127199977636337, 0.999935507774353, 0.11187408119440079, -0.8334712386131287, -0.5525481700897217, -0.0042045218870043755, 5.119748115539551, 0.0, 0.0, 0.0, 1.0],
      [0.9999845623970032, 0.005339177791029215, 0.0015689050778746605, -0.08400434255599976, 0.0015129236271604896, 0.010473108850419521, -0.9999440312385559, 0.13166217505931854, -0.005355309695005417, 0.9999309182167053, 0.01046482939273119, 6.2216796875, 0.0, 0.0, 0.0, 1.0],
      [0.9999621510505676, -0.00929766520857811, -0.0022665751166641712, -0.09912396222352982, 0.0021691694855690002, -0.010478409938514233, 0.9999428391456604, 0.11725588887929916, -0.009320986457169056, -0.999902069568634, -0.01045460905879736, 4.847322940826416, 0.0, 0.0, 0.0, 1.0],
      [0.9999775290489197, -0.007610178552567959, -0.0016830468084663153, 0.3228888511657715, 0.0016033286228775978, -0.010476291179656982, 0.9999439120292664, 0.10555559396743774, -0.007627501618117094, -0.9999164342880249, -0.010460617020726204, 3.6705567836761475, 0.0, 0.0, 0.0, 1.0],
      [0.9999915361404419, -0.005339173600077629, -0.0020693494006991386, 0.30690234899520874, 0.0020133969374001026, -0.010473281145095825, 0.999943196773529, 0.08354833722114563, -0.005360677372664213, -0.9999312162399292, -0.010459205135703087, 1.5700595378875732, 0.0, 0.0, 0.0, 1.0],
      [0.9999786019325256, -0.007610151078552008, -0.0008660058956593275, -0.49941644072532654, 0.0007863156497478485, -0.010476268827915192, 0.9999449253082275, 0.10440179705619812, -0.0076189241372048855, -0.9999163746833801, -0.01046682521700859, 3.674959182739258, 0.0, 0.0, 0.0, 1.0],
      [0.9999915957450867, -0.0053392210975289345, -0.0020694013219326735, -0.5154029130935669, 0.00201344839297235, -0.010473279282450676, 0.9999432563781738, 0.08239457756280899, -0.005360724870115519, -0.9999310970306396, -0.010459204204380512, 1.5744614601135254, 0.0, 0.0, 0.0, 1.0],
      [0.9999845623970032, 0.005339127965271473, 0.0015709856525063515, -0.12040797621011734, 0.0015150049002841115, 0.010473069734871387, -0.9999440312385559, 0.06025318801403046, -0.005355281755328178, 0.9999309182167053, 0.010464780032634735, -0.5960807800292969, 0.0, 0.0, 0.0, 1.0]
    ]
  }  },
"inverseBindPoses": [
[0.9999844431877136, 0.0015149377286434174, -0.005355331115424633, 0.11712270230054855, 0.0053391773253679276, 0.010473232716321945, 0.9999308586120605, -4.538868427276611, 0.001570921391248703, -0.9999439716339111, 0.010465020313858986, 0.0666768029332161, -0.0, 0.0, -0.0, 1.0],
[0.9999844431877136, 0.0015157967573031783, -0.005355327855795622, 0.1171225905418396, 0.0053391652181744576, 0.010473256930708885, 0.9999308586120605, -4.708503246307373, 0.0015717806527391076, -0.9999439716339111, 0.010465039871633053, 0.06667670607566833, -0.0, 0.0, -0.0, 1.0],
[0.9985147714614868, 0.0002594143443275243, 0.010546502657234669, -1.43251371383667, 0.010586466640233994, -0.010449250228703022, -0.9998888373374939, 5.7550883293151855, -0.00014965499576646835, 0.999945342540741, -0.010451465845108032, -0.06854386627674103, -0.0, 0.0, -0.0, 1.0],
[0.9985501170158386, 0.003638187190517783, -0.005370005499571562, -1.3598393201828003, -0.0052711330354213715, -0.01047305017709732, -0.9999300241470337, 4.602047443389893, -0.003689583158120513, 0.999938428401947, -0.010453492403030396, -0.06362706422805786, -0.0, 0.0, 0.0, 1.0],
[0.9985899925231934, 0.0013339814031496644, 0.010535761713981628, 1.4878120422363281, 0.010584956035017967, -0.010449307970702648, -0.999889075756073, 5.801665306091309, -0.001225659972988069, 0.9999443888664246, -0.01046290434896946, -0.06631745398044586, -0.0, 0.0, -0.0, 1.0],
[0.998626172542572, 0.0036068097688257694, -0.005369874648749828, 1.5609285831451416, -0.0052745407447218895, -0.010472968220710754, -0.9999302625656128, 4.6022419929504395, -0.0036614167038351297, 0.9999385476112366, -0.010453629307448864, -0.07010744512081146, -0.0, 0.0, 0.0, 1.0],
[0.9999844431877136, 0.0015129229286685586, -0.005355309695005417, 0.11712285876274109, 0.00533917685970664, 0.010473069734871387, 0.9999308586120605, -6.222180366516113, 0.0015689055435359478, -0.9999439716339111, 0.010464868508279324, 0.06667754054069519, -0.0, 0.0, -0.0, 1.0],
[0.9999462366104126, 0.0021691317670047283, -0.009320806711912155, 0.14404524862766266, -0.00929769966751337, -0.01047525368630886, -0.9999016523361206, 4.847153186798096, -0.0022666077129542828, 0.9999426603317261, -0.010457759723067284, -0.06678170710802078, -0.0, 0.0, 0.0, 1.0],
[0.9999617338180542, 0.0016032858984544873, -0.007627320941537619, -0.29504919052124023, -0.007610239554196596, -0.010473133996129036, -0.9999158978462219, 3.6738109588623047, -0.001683088717982173, 0.9999437928199768, -0.010463768616318703, -0.06659835577011108, -0.0, 0.0, 0.0, 1.0],
[0.9999756217002869, 0.002013346878811717, -0.005360498558729887, -0.2986467480659485, -0.0053392695263028145, -0.01047012209892273, -0.9999305605888367, 1.572463870048523, -0.0020693850237876177, 0.9999430179595947, -0.010462354868650436, -0.06648196280002594, -0.0, 0.0, 0.0, 1.0],
[0.9999627470970154, 0.000786272925324738, -0.007618741597980261, 0.527314305305481, -0.007610212080180645, -0.010473114438354969, -0.9999159574508667, 3.671942949295044, -0.0008660606690682471, 0.9999447464942932, -0.01046997494995594, -0.06635182350873947, -0.0, 0.0, 0.0, 1.0],
[0.9999755620956421, 0.002013398101553321, -0.00536054652184248, 0.5236643552780151, -0.00533931702375412, -0.010470123030245304, -0.9999306797981262, 1.5724631547927856, -0.002069436712190509, 0.99994295835495, -0.010462353006005287, -0.0669839009642601, -0.0, 0.0, 0.0, 1.0],
[0.9999844431877136, 0.0015150040853768587, -0.005355281755328178, 0.11712263524532318, 0.005339127033948898, 0.010473030619323254, 0.9999308586120605, 0.5960513949394226, 0.0015709862345829606, -0.9999439716339111, 0.010464818216860294, 0.06667684763669968, -0.0, 0.0, -0.0, 1.0]],
"jointNameIndices": {
"root": 0,"chest": 1,"arm.l": 2,"arm1.l": 3,"arm.r": 4,"arm1.r": 5,"head": 6,"hips": 7,"leg.l": 8,"leg1.l": 9,"leg.r": 10,"leg1.r": 11,"board": 12}
}