{
  "actions": {
  "brake": { 
    "0.12": [
      [-0.041299305856227875, -0.9270532727241516, 0.3726480305194855, 0.17747542262077332, 0.9991442561149597, -0.03748725354671478, 0.01747298240661621, -0.5129205584526062, -0.002228856086730957, 0.3730508089065552, 0.9278082251548767, 3.036098003387451, 0.0, 0.0, 0.0, 1.0],
      [-0.6612754464149475, -0.011139988899230957, 0.7500604391098022, 0.09203032404184341, 0.7124533653259277, 0.3036280870437622, 0.63262939453125, -0.5163486003875732, -0.23478688299655914, 0.9527255296707153, -0.19284513592720032, 3.082611083984375, 0.0, 0.0, 0.0, 1.0],
      [-0.9928829669952393, -0.04037364199757576, 0.1120418906211853, 0.06989455223083496, 0.09182325005531311, 0.339592844247818, 0.9360796809196472, -0.16636690497398376, -0.07584156095981598, 0.9397057890892029, -0.3334686756134033, 4.19793176651001, 0.0, 0.0, 0.0, 1.0],
      [-0.9881124496459961, -0.01502656377851963, 0.15299680829048157, 0.060985542833805084, 0.1211177334189415, 0.5368340611457825, 0.8349488973617554, -0.09143098443746567, -0.09468032419681549, 0.8435540199279785, -0.5286325216293335, 4.4052910804748535, 0.0, 0.0, 0.0, 1.0],
      [0.30284610390663147, -0.38144150376319885, -0.8733766674995422, -0.5521339178085327, 0.8683606386184692, 0.4880739450454712, 0.08794351667165756, 0.44195353984832764, 0.39272719621658325, -0.7850391268730164, 0.4790399372577667, 3.701590061187744, 0.0, 0.0, 0.0, 1.0],
      [0.1669105887413025, -0.0240480899810791, -0.9856787919998169, -0.8265364170074463, 0.8446198105812073, 0.5192543864250183, 0.13035564124584198, 0.7930655479431152, 0.5086833834648132, -0.8542814254760742, 0.10698044300079346, 3.1368463039398193, 0.0, 0.0, 0.0, 1.0],
      [0.16802668571472168, 0.006675567477941513, -0.985759973526001, -0.8497151732444763, 0.8685746788978577, 0.4719136953353882, 0.15124768018722534, 1.2935503721237183, 0.4662034511566162, -0.8816195726394653, 0.0734957754611969, 2.3134446144104004, 0.0, 0.0, 0.0, 1.0],
      [-0.5831590890884399, 0.7957664728164673, 0.16334059834480286, 0.7261340618133545, -0.7444909811019897, -0.44307148456573486, -0.49942001700401306, -0.9321061372756958, -0.3250500559806824, -0.4128473103046417, 0.8508226275444031, 4.1510162353515625, 0.0, 0.0, 0.0, 1.0],
      [-0.6589231491088867, 0.7263904213905334, 0.1953870952129364, 1.257655143737793, -0.6458568572998047, -0.41318657994270325, -0.641985297203064, -1.2280495166778564, -0.38560056686401367, -0.5492115616798401, 0.7414029836654663, 3.875260591506958, 0.0, 0.0, 0.0, 1.0],
      [-0.7022513747215271, 0.6754707098007202, 0.2249024659395218, 1.9625866413116455, -0.6207104921340942, -0.42621049284935, -0.6580747365951538, -1.6290297508239746, -0.34865427017211914, -0.6017338633537292, 0.7185792326927185, 3.342273712158203, 0.0, 0.0, 0.0, 1.0],
      [-0.4920247197151184, 0.1516391932964325, -0.8572731614112854, 0.07576512545347214, 0.8367987275123596, -0.1892751008272171, -0.5137535333633423, -0.5170605182647705, -0.24016571044921875, -0.9701446294784546, -0.033763520419597626, 3.0648977756500244, 0.0, 0.0, 0.0, 1.0],
      [0.16386005282402039, 0.17947669327259064, -0.9700195789337158, 0.19006749987602234, 0.7459897994995117, 0.6208629608154297, 0.24089041352272034, -0.14047972857952118, 0.6454835534095764, -0.7630972266197205, -0.03215320035815239, 2.675279378890991, 0.0, 0.0, 0.0, 1.0],
      [0.17922884225845337, -0.526020348072052, -0.8313722014427185, 0.37259194254875183, 0.9361158013343811, 0.3511032164096832, -0.020338013768196106, 0.49157488346099854, 0.30259570479393005, -0.7746155858039856, 0.5553438663482666, 1.8975032567977905, 0.0, 0.0, 0.0, 1.0],
      [-0.08162835240364075, 0.9883142709732056, -0.1287309229373932, -0.4676786959171295, 0.9144667387008667, 0.12563267350196838, 0.3846646845340729, 1.0524309873580933, 0.3963424861431122, -0.0863206684589386, -0.9140357971191406, 0.6601238250732422, 0.0, 0.0, 0.0, 1.0],
      [-0.1569511890411377, 0.23015612363815308, -0.9604136943817139, 0.08936268091201782, 0.8312620520591736, -0.49430182576179504, -0.25430089235305786, -1.0532809495925903, -0.5332632660865784, -0.8382684588432312, -0.11373890191316605, 2.635603427886963, 0.0, 0.0, 0.0, 1.0],
      [-0.22684215009212494, -0.49459314346313477, -0.8389995694160461, 0.3238425850868225, 0.924782395362854, -0.379588782787323, -0.02626638114452362, -1.556488037109375, -0.30548375844955444, -0.7818505167961121, 0.5434977412223816, 1.7831950187683105, 0.0, 0.0, 0.0, 1.0],
      [-0.047507427632808685, 0.9988378286361694, 0.008129239082336426, -0.46622639894485474, 0.9334582090377808, 0.047291338443756104, -0.3555549085140228, -2.1628477573394775, -0.3555262088775635, -0.009303092956542969, -0.9346201419830322, 0.5342576503753662, 0.0, 0.0, 0.0, 1.0],
      [-0.9990469813346863, 0.042688917368650436, 0.009089452214539051, -0.10903215408325195, -0.04284253716468811, -0.998930037021637, -0.017413582652807236, 3.1127092838287354, 0.008336362428963184, -0.017786405980587006, 0.9998071193695068, 0.2797333002090454, 0.0, 0.0, 0.0, 1.0]
    ],
    "0.16": [
      [-0.17208534479141235, -0.9327585101127625, 0.3167774975299835, 0.11295691132545471, 0.9830837249755859, -0.18308646976947784, -0.0050546228885650635, -0.6265497803688049, 0.06271237134933472, 0.3105490207672119, 0.9484863877296448, 2.918506622314453, 0.0, 0.0, 0.0, 1.0],
      [-0.6887170076370239, 0.010036617517471313, 0.7249606251716614, 0.02633136510848999, 0.6981531381607056, 0.27890658378601074, 0.6593884229660034, -0.6443097591400146, -0.19557835161685944, 0.9602658152580261, -0.19909484684467316, 2.9592089653015137, 0.0, 0.0, 0.0, 1.0],
      [-0.9970223903656006, -0.02062281221151352, 0.0743025541305542, 0.029153073206543922, 0.06408530473709106, 0.3143026530742645, 0.9471572637557983, -0.3235354721546173, -0.04288665950298309, 0.9490988850593567, -0.31204521656036377, 4.083492279052734, 0.0, 0.0, 0.0, 1.0],
      [-0.9936983585357666, -0.004043741151690483, 0.11201313138008118, 0.024602361023426056, 0.0939771980047226, 0.5145862102508545, 0.8522729873657227, -0.2541801929473877, -0.06108691915869713, 0.8574290871620178, -0.5109636187553406, 4.292924404144287, 0.0, 0.0, 0.0, 1.0],
      [0.36233747005462646, -0.29621171951293945, -0.8837251663208008, -0.6255612969398499, 0.6620755791664124, 0.7491611242294312, 0.02035052701830864, 0.2783660292625427, 0.6560246348381042, -0.5924665331840515, 0.4675635099411011, 3.6226325035095215, 0.0, 0.0, 0.0, 1.0],
      [0.21570166945457458, 0.08577799797058105, -0.972684383392334, -0.8386509418487549, 0.6335523128509521, 0.7457010746002197, 0.2062568962574005, 0.8172997236251831, 0.7430242300033569, -0.6607363224029541, 0.10650397837162018, 3.1964221000671387, 0.0, 0.0, 0.0, 1.0],
      [0.2220756709575653, 0.11339479684829712, -0.9684131741523743, -0.7559735178947449, 0.6685952544212341, 0.7052185535430908, 0.23589792847633362, 1.536045789718628, 0.709692656993866, -0.6998634934425354, 0.08079652488231659, 2.5595693588256836, 0.0, 0.0, 0.0, 1.0],
      [-0.5729894638061523, 0.8140066266059875, 0.09526199102401733, 0.7055219411849976, -0.7438273429870605, -0.4677139222621918, -0.47745567560195923, -1.0679409503936768, -0.34409675002098083, -0.3444358706474304, 0.8734763860702515, 3.9963533878326416, 0.0, 0.0, 0.0, 1.0],
      [-0.6398937106132507, 0.7537487149238586, 0.1496574580669403, 1.2492263317108154, -0.6477537155151367, -0.4242713451385498, -0.6327781677246094, -1.3803439140319824, -0.4134604334831238, -0.5018524527549744, 0.7597329616546631, 3.7662923336029053, 0.0, 0.0, 0.0, 1.0],
      [-0.6837778687477112, 0.7049502730369568, 0.1883915364742279, 1.9807078838348389, -0.6232906579971313, -0.43002742528915405, -0.6531342267990112, -1.7920814752578735, -0.3794136345386505, -0.5640221238136292, 0.7334330081939697, 3.2792656421661377, 0.0, 0.0, 0.0, 1.0],
      [-0.580479621887207, 0.17407090961933136, -0.7954512238502502, 0.011275246739387512, 0.794528067111969, -0.0927484855055809, -0.6001023054122925, -0.6457517743110657, -0.17823737859725952, -0.9803555607795715, -0.08446568250656128, 2.9404990673065186, 0.0, 0.0, 0.0, 1.0],
      [-0.03253874182701111, 0.16456611454486847, -0.98582923412323, 0.06323108077049255, 0.6921509504318237, 0.715265154838562, 0.09655499458312988, -0.23542141914367676, 0.72101891040802, -0.6792008876800537, -0.13717857003211975, 2.580172061920166, 0.0, 0.0, 0.0, 1.0],
      [0.014653248712420464, -0.5479951500892639, -0.8363531827926636, 0.23046793043613434, 0.9235342741012573, 0.3280070424079895, -0.19873595237731934, 0.4930659532546997, 0.3832361102104187, -0.7694886922836304, 0.5108984708786011, 1.884929895401001, 0.0, 0.0, 0.0, 1.0],
      [-0.2424369752407074, 0.9574354887008667, -0.15665745735168457, -0.6449055075645447, 0.8529998064041138, 0.2872866690158844, 0.43572673201560974, 1.0170279741287231, 0.46218594908714294, -0.027992308139801025, -0.8863409757614136, 0.6557402610778809, 0.0, 0.0, 0.0, 1.0],
      [-0.21281200647354126, 0.39975953102111816, -0.8915735483169556, 0.10574431717395782, 0.8367800712585449, -0.3965619206428528, -0.3775416910648346, -1.1338798999786377, -0.504490077495575, -0.8263964056968689, -0.2501177191734314, 2.473707437515259, 0.0, 0.0, 0.0, 1.0],
      [-0.349558562040329, -0.40032026171684265, -0.8470847010612488, 0.5129616856575012, 0.8968020677566528, -0.40468084812164307, -0.1788284182548523, -1.5377817153930664, -0.2712104320526123, -0.822178304195404, 0.5004676580429077, 1.6362690925598145, 0.0, 0.0, 0.0, 1.0],
      [-0.17163777351379395, 0.9801744222640991, 0.09898856282234192, -0.12651461362838745, 0.9344293475151062, 0.1938033252954483, -0.2988013029098511, -2.1842238903045654, -0.3120616674423218, 0.041212230920791626, -0.9491676092147827, 0.3229116201400757, 0.0, 0.0, 0.0, 1.0],
      [-0.9838714599609375, 0.1760522872209549, -0.03165872022509575, -0.529609203338623, -0.17365944385528564, -0.9825299978256226, -0.06690949946641922, 2.825688362121582, -0.04288523271679878, -0.0603325292468071, 0.9972566962242126, 0.28434932231903076, 0.0, 0.0, 0.0, 1.0]
    ],
    "0.2": [
      [-0.3920314610004425, -0.8911544680595398, 0.22837452590465546, 0.01106715202331543, 0.907633900642395, -0.41516244411468506, -0.06197193264961243, -0.805996835231781, 0.15003904700279236, 0.18298561871051788, 0.9715989232063293, 2.732802391052246, 0.0, 0.0, 0.0, 1.0],
      [-0.7384377121925354, 0.04348507523536682, 0.6729180812835693, -0.07253053039312363, 0.660155713558197, 0.25009092688560486, 0.7082715630531311, -0.8468373417854309, -0.13749150931835175, 0.9672452807426453, -0.2133837342262268, 2.761430501937866, 0.0, 0.0, 0.0, 1.0],
      [-0.9999469518661499, 0.01022610068321228, 0.0012329816818237305, -0.030174575746059418, 0.004085272550582886, 0.2838591933250427, 0.9588571786880493, -0.5603346228599548, 0.009455442428588867, 0.9588114619255066, -0.28388604521751404, 3.89414381980896, 0.0, 0.0, 0.0, 1.0],
      [-0.9993681311607361, 0.010010410100221634, 0.034104809165000916, -0.027918042615056038, 0.03465677425265312, 0.4874398112297058, 0.8724684119224548, -0.497697114944458, -0.007890217937529087, 0.8730990290641785, -0.48747891187667847, 4.105719089508057, 0.0, 0.0, 0.0, 1.0],
      [0.4021427631378174, -0.15091624855995178, -0.9030534625053406, -0.742819607257843, 0.2641770541667938, 0.9634985327720642, -0.04337608814239502, 0.01382976770401001, 0.876636803150177, -0.2211226522922516, 0.42733240127563477, 3.4869577884674072, 0.0, 0.0, 0.0, 1.0],
      [0.24543899297714233, 0.25513795018196106, -0.9352349638938904, -0.8513861894607544, 0.2516936659812927, 0.9148889183998108, 0.31564056873321533, 0.7069541215896606, 0.93616783618927, -0.31286317110061646, 0.16033267974853516, 3.327885866165161, 0.0, 0.0, 0.0, 1.0],
      [0.2599312663078308, 0.2794969081878662, -0.9242929220199585, -0.6054706573486328, 0.29515475034713745, 0.8883869051933289, 0.35164302587509155, 1.5887725353240967, 0.9194126725196838, -0.36421239376068115, 0.14842456579208374, 3.026331663131714, 0.0, 0.0, 0.0, 1.0],
      [-0.5451338291168213, 0.838220477104187, -0.014638707041740417, 0.6839559078216553, -0.7528398633003235, -0.4971407651901245, -0.43137288093566895, -1.2589185237884521, -0.36886289715766907, -0.2241356372833252, 0.9020549058914185, 3.748521566390991, 0.0, 0.0, 0.0, 1.0],
      [-0.597333550453186, 0.7981535792350769, 0.0783713161945343, 1.2438335418701172, -0.6628987193107605, -0.4363713264465332, -0.6083952784538269, -1.5909767150878906, -0.4513937532901764, -0.4153676927089691, 0.7897550463676453, 3.59881329536438, 0.0, 0.0, 0.0, 1.0],
      [-0.642168402671814, 0.7549484968185425, 0.13293221592903137, 2.0184080600738525, -0.6397738456726074, -0.43230921030044556, -0.6354506015777588, -2.0144567489624023, -0.42226457595825195, -0.49311351776123047, 0.7606124877929688, 3.195716381072998, 0.0, 0.0, 0.0, 1.0],
      [-0.7247070670127869, 0.18989311158657074, -0.66237473487854, -0.08524331450462341, 0.6823661923408508, 0.06414464116096497, -0.7281906008720398, -0.848970353603363, -0.09579068422317505, -0.9797072410583496, -0.176062673330307, 2.741116523742676, 0.0, 0.0, 0.0, 1.0],
      [-0.34200993180274963, 0.08959263563156128, -0.9354156255722046, -0.1453138142824173, 0.5131781101226807, 0.8517043590545654, -0.1060551106929779, -0.4114687144756317, 0.7871959209442139, -0.5163068175315857, -0.3372683823108673, 2.426797389984131, 0.0, 0.0, 0.0, 1.0],
      [-0.26285529136657715, -0.5649958252906799, -0.7821040749549866, -0.053418561816215515, 0.8344572186470032, 0.27379700541496277, -0.47824281454086304, 0.45776432752609253, 0.48434311151504517, -0.7783411145210266, 0.399495929479599, 1.8931262493133545, 0.0, 0.0, 0.0, 1.0],
      [-0.4955751895904541, 0.8425290584564209, -0.21106845140457153, -0.955949068069458, 0.6889848113059998, 0.5292969942092896, 0.49512067437171936, 0.8951306343078613, 0.5288717150688171, 0.09994655847549438, -0.8427961468696594, 0.649795651435852, 0.0, 0.0, 0.0, 1.0],
      [-0.30531588196754456, 0.6384682655334473, -0.7064986824989319, 0.13383349776268005, 0.8352513313293457, -0.17674937844276428, -0.5206866264343262, -1.2316462993621826, -0.4573153257369995, -0.7490780353546143, -0.47931718826293945, 2.2295656204223633, 0.0, 0.0, 0.0, 1.0],
      [-0.5367562770843506, -0.22049155831336975, -0.8144176006317139, 0.7827991247177124, 0.8078275322914124, -0.41290250420570374, -0.420625776052475, -1.4130939245224, -0.24353088438510895, -0.8836826086044312, 0.39974725246429443, 1.4752041101455688, 0.0, 0.0, 0.0, 1.0],
      [-0.37090158462524414, 0.8955299854278564, 0.24588215351104736, 0.43058332800865173, 0.8904476761817932, 0.41812342405319214, -0.17965379357337952, -2.072669506072998, -0.2636945843696594, 0.1523113250732422, -0.952505350112915, 0.0635988712310791, 0.0, 0.0, 0.0, 1.0],
      [-0.9141510128974915, 0.39657866954803467, -0.08398258686065674, -1.1937990188598633, -0.3803509771823883, -0.910774290561676, -0.16069595515727997, 2.3703973293304443, -0.14021779596805573, -0.1149575412273407, 0.9834245443344116, 0.29163992404937744, 0.0, 0.0, 0.0, 1.0]
    ],
    "0.24": [
      [-0.6517404913902283, -0.7464517951011658, 0.1343296766281128, -0.11365102231502533, 0.7281177043914795, -0.6653714179992676, -0.1646987795829773, -1.025648832321167, 0.21231886744499207, -0.009533077478408813, 0.9771539568901062, 2.505491256713867, 0.0, 0.0, 0.0, 1.0],
      [-0.803513765335083, 0.07757452130317688, 0.590210497379303, -0.18431547284126282, 0.5896848440170288, 0.2394219934940338, 0.7713295221328735, -1.0918388366699219, -0.08147367089986801, 0.967811644077301, -0.23812326788902283, 2.515566825866699, 0.0, 0.0, 0.0, 1.0],
      [-0.9936456084251404, 0.04087571054697037, -0.10487282276153564, -0.10139326006174088, -0.09006869792938232, 0.27002954483032227, 0.9586303234100342, -0.8186068534851074, 0.06750348210334778, 0.9619841575622559, -0.2646317780017853, 3.649315357208252, 0.0, 0.0, 0.0, 1.0],
      [-0.996947169303894, 0.016619626432657242, -0.07629448920488358, -0.09237346053123474, -0.05933687835931778, 0.4738754332065582, 0.8785906434059143, -0.7590210437774658, 0.05075598135590553, 0.8804351091384888, -0.4714423418045044, 3.861590623855591, 0.0, 0.0, 0.0, 1.0],
      [0.39303988218307495, -0.034852057695388794, -0.9188611507415771, -0.8873391151428223, -0.0631919652223587, 0.9958957433700562, -0.06480413675308228, -0.30830031633377075, 0.9173477292060852, 0.08353536576032639, 0.38922393321990967, 3.295471668243408, 0.0, 0.0, 0.0, 1.0],
      [0.2314337193965912, 0.38489830493927, -0.8934721946716309, -0.912411093711853, -0.051906414330005646, 0.9219837188720703, 0.3837355971336365, 0.40813004970550537, 0.9714651107788086, -0.042432188987731934, 0.23335659503936768, 3.3555655479431152, 0.0, 0.0, 0.0, 1.0],
      [0.2521568834781647, 0.40804046392440796, -0.8774513006210327, -0.5414257049560547, -0.007910311222076416, 0.9075907468795776, 0.4197830259799957, 1.2967867851257324, 0.967654287815094, -0.09890997409820557, 0.2320827692747116, 3.314666986465454, 0.0, 0.0, 0.0, 1.0],
      [-0.4892728328704834, 0.8575177788734436, -0.15898112952709198, 0.6646716594696045, -0.7803102731704712, -0.5118435621261597, -0.3593492805957794, -1.444843053817749, -0.38952165842056274, -0.051765426993370056, 0.9195612668991089, 3.4488625526428223, 0.0, 0.0, 0.0, 1.0],
      [-0.5215098857879639, 0.8531365990638733, -0.01360207051038742, 1.237438678741455, -0.7011091113090515, -0.4375549554824829, -0.5630199909210205, -1.7867218255996704, -0.48628437519073486, -0.2840842008590698, 0.8263312578201294, 3.4142866134643555, 0.0, 0.0, 0.0, 1.0],
      [-0.5675604343414307, 0.8209602236747742, 0.06244366616010666, 2.0653719902038574, -0.6801857948303223, -0.4247989058494568, -0.5974051356315613, -2.211350440979004, -0.46391957998275757, -0.3815371096134186, 0.7995046377182007, 3.13859486579895, 0.0, 0.0, 0.0, 1.0],
      [-0.8804706335067749, 0.1695735901594162, -0.4427376985549927, -0.19368186593055725, 0.47278523445129395, 0.2445225566625595, -0.8465713262557983, -1.0937856435775757, -0.03529676795005798, -0.954700767993927, -0.2954668700695038, 2.4934918880462646, 0.0, 0.0, 0.0, 1.0],
      [-0.6443426609039307, -0.0918269157409668, -0.759204089641571, -0.3988786041736603, 0.16171610355377197, 0.9539523720741272, -0.2526319622993469, -0.677393913269043, 0.7474426627159119, -0.285556823015213, -0.5998221635818481, 2.22312068939209, 0.0, 0.0, 0.0, 1.0],
      [-0.5824328064918518, -0.5429103374481201, -0.6049968004226685, -0.48976510763168335, 0.6102342009544373, 0.19966286420822144, -0.7666480541229248, 0.3011692464351654, 0.5370163321495056, -0.8157103061676025, 0.21501201391220093, 1.9208955764770508, 0.0, 0.0, 0.0, 1.0],
      [-0.7538339495658875, 0.5931891202926636, -0.2825981080532074, -1.3570160865783691, 0.39151474833488464, 0.7509117722511292, 0.5318343043327332, 0.6201128959655762, 0.5276843309402466, 0.29027342796325684, -0.798304557800293, 0.6178710460662842, 0.0, 0.0, 0.0, 1.0],
      [-0.4235892593860626, 0.8217336535453796, -0.38121694326400757, 0.15239208936691284, 0.8142110109329224, 0.16092918813228607, -0.5578193664550781, -1.3035508394241333, -0.3970298767089844, -0.5466771721839905, -0.7372323870658875, 1.9598881006240845, 0.0, 0.0, 0.0, 1.0],
      [-0.7220016717910767, 0.028566330671310425, -0.6913015842437744, 0.9848872423171997, 0.6401763558387756, -0.35144028067588806, -0.6831284761428833, -1.1455886363983154, -0.2624656558036804, -0.9357745051383972, 0.2354528307914734, 1.4153913259506226, 0.0, 0.0, 0.0, 1.0],
      [-0.5879965424537659, 0.6992263793945312, 0.4066239297389984, 1.0305194854736328, 0.7691554427146912, 0.638918399810791, 0.013555943965911865, -1.7069836854934692, -0.2503206729888916, 0.32072776556015015, -0.9134951829910278, -0.07942605018615723, 0.0, 0.0, 0.0, 1.0],
      [-0.7474486827850342, 0.6540428996086121, -0.1163962110877037, -2.006800651550293, -0.6033747792243958, -0.7416853904724121, -0.29298701882362366, 1.8093030452728271, -0.2779555320739746, -0.14876225590705872, 0.9490050077438354, 0.3005659580230713, 0.0, 0.0, 0.0, 1.0]
    ],
    "0.28": [
      [-0.8559969663619995, -0.5117441415786743, 0.07339603453874588, -0.23936420679092407, 0.47255459427833557, -0.8320907354354858, -0.29037338495254517, -1.2470533847808838, 0.2096690535545349, -0.21387505531311035, 0.9540945291519165, 2.2763664722442627, 0.0, 0.0, 0.0, 1.0],
      [-0.86360764503479, 0.09418454766273499, 0.4952886700630188, -0.28801998496055603, 0.5016324520111084, 0.2588503062725067, 0.8254457712173462, -1.3307782411575317, -0.05046144127845764, 0.9613145589828491, -0.27079135179519653, 2.2664241790771484, 0.0, 0.0, 0.0, 1.0],
      [-0.9748680591583252, 0.054264627397060394, -0.21607285737991333, -0.1848306953907013, -0.19222325086593628, 0.28538835048675537, 0.9389371871948242, -1.0355753898620605, 0.11261576414108276, 0.9568745493888855, -0.2677852213382721, 3.3929784297943115, 0.0, 0.0, 0.0, 1.0],
      [-0.982094943523407, 0.005273826420307159, -0.18831230700016022, -0.17285645008087158, -0.1622246354818344, 0.48451200127601624, 0.8596106767654419, -0.9726004600524902, 0.09577301889657974, 0.8747685551643372, -0.47498154640197754, 3.604126214981079, 0.0, 0.0, 0.0, 1.0],
      [0.356840044260025, -0.006958730518817902, -0.9341395497322083, -1.0345431566238403, -0.1307467222213745, 0.9897575974464417, -0.05731818079948425, -0.6146172881126404, 0.9249706268310547, 0.1425892412662506, 0.3522753119468689, 3.0703158378601074, 0.0, 0.0, 0.0, 1.0],
      [0.18649053573608398, 0.4213157594203949, -0.887532651424408, -1.0395491123199463, -0.10737859457731247, 0.9067099690437317, 0.4078565835952759, 0.09739738702774048, 0.9765712022781372, 0.01924072951078415, 0.214333176612854, 3.1728920936584473, 0.0, 0.0, 0.0, 1.0],
      [0.2090257704257965, 0.4463439881801605, -0.8701063990592957, -0.63346266746521, -0.06412118673324585, 0.8941020965576172, 0.44324934482574463, 0.9713323712348938, 0.9758058190345764, -0.036858174949884415, 0.2155105620622635, 3.191437244415283, 0.0, 0.0, 0.0, 1.0],
      [-0.41003260016441345, 0.8531514406204224, -0.32249751687049866, 0.633110761642456, -0.8201189041137695, -0.4995976984500885, -0.27893710136413574, -1.5811498165130615, -0.39909470081329346, 0.15011318027973175, 0.9045380353927612, 3.1637887954711914, 0.0, 0.0, 0.0, 1.0],
      [-0.418561190366745, 0.8998994827270508, -0.12241800129413605, 1.2029613256454468, -0.7541091442108154, -0.4194924831390381, -0.5053158402442932, -1.9148491621017456, -0.5060870051383972, -0.11918924748897552, 0.8542068004608154, 3.264054775238037, 0.0, 0.0, 0.0, 1.0],
      [-0.46550285816192627, 0.88474041223526, -0.023242518305778503, 2.0762760639190674, -0.7360883951187134, -0.4016048014163971, -0.544872522354126, -2.321949005126953, -0.49140509963035583, -0.23653148114681244, 0.8381964564323425, 3.1483867168426514, 0.0, 0.0, 0.0, 1.0],
      [-0.9775016903877258, 0.10906586050987244, -0.18054066598415375, -0.2940204441547394, 0.20905421674251556, 0.3871445655822754, -0.8980060815811157, -1.331313133239746, -0.02804654836654663, -0.9155457019805908, -0.4012352228164673, 2.2431318759918213, 0.0, 0.0, 0.0, 1.0],
      [-0.782733678817749, -0.34243863821029663, -0.5196763277053833, -0.6265817880630493, -0.2486194521188736, 0.937541127204895, -0.24331974983215332, -0.9962462186813354, 0.5705403089523315, -0.06125307083129883, -0.8189823627471924, 1.9892693758010864, 0.0, 0.0, 0.0, 1.0],
      [-0.8157793283462524, -0.47269076108932495, -0.33326756954193115, -0.9723231196403503, 0.29923832416534424, 0.1481473296880722, -0.9426071643829346, -0.02636454626917839, 0.4949345886707306, -0.8686864376068115, 0.020591765642166138, 1.915253758430481, 0.0, 0.0, 0.0, 1.0],
      [-0.9009628295898438, 0.2648061513900757, -0.3437198996543884, -1.7274044752120972, 0.042204804718494415, 0.841899037361145, 0.537981390953064, 0.21028761565685272, 0.43183839321136475, 0.47019484639167786, -0.7696964144706726, 0.5276045799255371, 0.0, 0.0, 0.0, 1.0],
      [-0.5447567701339722, 0.838141918182373, -0.027532048523426056, 0.12765370309352875, 0.7682631611824036, 0.48563915491104126, -0.41704419255256653, -1.340449333190918, -0.3361719250679016, -0.2483397275209427, -0.9084691405296326, 1.7266086339950562, 0.0, 0.0, 0.0, 1.0],
      [-0.8293050527572632, 0.26589179039001465, -0.49148207902908325, 0.9743055701255798, 0.44747447967529297, -0.2108071893453598, -0.8690952658653259, -0.8595131635665894, -0.3346935510635376, -0.9406711459159851, 0.055843859910964966, 1.4864277839660645, 0.0, 0.0, 0.0, 1.0],
      [-0.7415277361869812, 0.43005186319351196, 0.5149680972099304, 1.399044394493103, 0.6054474115371704, 0.7596442699432373, 0.2374315857887268, -1.1962591409683228, -0.28908494114875793, 0.4878481924533844, -0.8236713409423828, -0.016211628913879395, 0.0, 0.0, 0.0, 1.0],
      [-0.5045920610427856, 0.8569943308830261, -0.1046278104186058, -2.8262882232666016, -0.7555108666419983, -0.496957004070282, -0.42689183354377747, 1.2374712228775024, -0.41783958673477173, -0.1363588273525238, 0.8982295989990234, 0.3095662593841553, 0.0, 0.0, 0.0, 1.0]
    ],
    "0.32": [
      [-0.9581689834594727, -0.28085294365882874, 0.05508408695459366, -0.34408822655677795, 0.2373781055212021, -0.8873703479766846, -0.39525407552719116, -1.4314919710159302, 0.15988823771476746, -0.3656444847583771, 0.9169186353683472, 2.085496425628662, 0.0, 0.0, 0.0, 1.0],
      [-0.9035332202911377, 0.08985546231269836, 0.41899192333221436, -0.3706246614456177, 0.42606499791145325, 0.29285892844200134, 0.855980396270752, -1.521742343902588, -0.04579091817140579, 0.9519240856170654, -0.30289167165756226, 2.0604608058929443, 0.0, 0.0, 0.0, 1.0],
      [-0.9529887437820435, 0.04776913672685623, -0.2992178499698639, -0.2717970013618469, -0.2697801887989044, 0.3158313035964966, 0.9096534252166748, -1.1872539520263672, 0.13795548677444458, 0.9476120471954346, -0.2880960702896118, 3.1763763427734375, 0.0, 0.0, 0.0, 1.0],
      [-0.9630242586135864, -0.019311420619487762, -0.26872289180755615, -0.26125606894493103, -0.2409782111644745, 0.507764995098114, 0.8271059393882751, -1.1175613403320312, 0.12047528475522995, 0.8612790107727051, -0.4936431646347046, 3.3854801654815674, 0.0, 0.0, 0.0, 1.0],
      [0.24617105722427368, 0.03951868414878845, -0.9684208631515503, -1.1597390174865723, 0.09783320128917694, 0.9930526614189148, 0.06539279222488403, -0.8480736017227173, 0.9642761945724487, -0.1108410656452179, 0.24059420824050903, 2.8603951930999756, 0.0, 0.0, 0.0, 1.0],
      [0.046219684183597565, 0.37017011642456055, -0.9278138875961304, -1.131309986114502, 0.10645897686481476, 0.9216917157173157, 0.37303078174591064, -0.13368850946426392, 0.9932422637939453, -0.1160150095820427, 0.0031923875212669373, 2.780658006668091, 0.0, 0.0, 0.0, 1.0],
      [0.06653252243995667, 0.4037252366542816, -0.9124583601951599, -0.7745203971862793, 0.1502794325351715, 0.8999984264373779, 0.40916991233825684, 0.7546867728233337, 0.9864023923873901, -0.16434630751609802, -0.0007923953235149384, 2.6688365936279297, 0.0, 0.0, 0.0, 1.0],
      [-0.33178120851516724, 0.8177004456520081, -0.47041141986846924, 0.5847591757774353, -0.8552150726318359, -0.47118252515792847, -0.21585613489151, -1.668803334236145, -0.3981552720069885, 0.33068594336509705, 0.8556391000747681, 2.9447946548461914, 0.0, 0.0, 0.0, 1.0],
      [-0.3175739049911499, 0.9200158715248108, -0.22960206866264343, 1.130930781364441, -0.8004669547080994, -0.38991302251815796, -0.45521417260169983, -1.9835231304168701, -0.5083290338516235, 0.039224833250045776, 0.8602685332298279, 3.1656718254089355, 0.0, 0.0, 0.0, 1.0],
      [-0.3645453155040741, 0.9244502186775208, -0.11179496347904205, 2.0237677097320557, -0.7852902412414551, -0.36972588300704956, -0.4966098964214325, -2.361917495727539, -0.5004245042800903, -0.09324521571397781, 0.8607435822486877, 3.20373797416687, 0.0, 0.0, 0.0, 1.0],
      [-0.9982707500457764, 0.04208531975746155, 0.0410446971654892, -0.37425097823143005, -0.01685848832130432, 0.46392735838890076, -0.8857129812240601, -1.5203862190246582, -0.0563172847032547, -0.8848729133605957, -0.4624156951904297, 2.036715507507324, 0.0, 0.0, 0.0, 1.0],
      [-0.7587887644767761, -0.5552457571029663, -0.34050267934799194, -0.7790931463241577, -0.5464332103729248, 0.8271709680557251, -0.131146639585495, -1.2852814197540283, 0.3544723391532898, 0.08654956519603729, -0.931052565574646, 1.7714734077453613, 0.0, 0.0, 0.0, 1.0],
      [-0.9161661863327026, -0.3920791745185852, -0.08314879983663559, -1.34396493434906, 0.031099677085876465, 0.13728931546211243, -0.9900429844856262, -0.42071112990379333, 0.3995905816555023, -0.9096295237541199, -0.1135864406824112, 1.8505544662475586, 0.0, 0.0, 0.0, 1.0],
      [-0.9255000352859497, -0.013262778520584106, -0.3785153925418854, -1.9702764749526978, -0.22896656394004822, 0.8156823515892029, 0.5312599539756775, -0.2014036774635315, 0.30170220136642456, 0.5783485174179077, -0.7579505443572998, 0.3975023031234741, 0.0, 0.0, 0.0, 1.0],
      [-0.6421393752098083, 0.7360847592353821, 0.21409481763839722, 0.06306762993335724, 0.7097415328025818, 0.6764068603515625, -0.19682735204696655, -1.3658077716827393, -0.28969648480415344, 0.02556157112121582, -0.956777036190033, 1.5576406717300415, 0.0, 0.0, 0.0, 1.0],
      [-0.8562679886817932, 0.42161911725997925, -0.29840055108070374, 0.8057981729507446, 0.3030048906803131, -0.05785927176475525, -0.9512311816215515, -0.6982221007347107, -0.41832223534584045, -0.9049252271652222, -0.078209787607193, 1.5938652753829956, 0.0, 0.0, 0.0, 1.0],
      [-0.8106017112731934, 0.19328710436820984, 0.5527797937393188, 1.4792976379394531, 0.4700125753879547, 0.7778061032295227, 0.41726040840148926, -0.7906472682952881, -0.34930419921875, 0.5980452299118042, -0.7213377952575684, 0.14832687377929688, 0.0, 0.0, 0.0, 1.0],
      [-0.2739107310771942, 0.9597052335739136, -0.06275461614131927, -3.5089550018310547, -0.8100003600120544, -0.26537826657295227, -0.5229465961456299, 0.7515945434570312, -0.5185285210609436, -0.09240946173667908, 0.8500521183013916, 0.3170684576034546, 0.0, 0.0, 0.0, 1.0]
    ],
    "0.36": [
      [-0.9901714324951172, -0.12727223336696625, 0.05798045173287392, -0.41291293501853943, 0.0868992879986763, -0.8847076892852783, -0.4579739570617676, -1.5527052879333496, 0.10958313941955566, -0.4484342932701111, 0.887072741985321, 1.9600567817687988, 0.0, 0.0, 0.0, 1.0],
      [-0.9238873720169067, 0.07811662554740906, 0.37460553646087646, -0.42456668615341187, 0.3791014552116394, 0.3201102018356323, 0.8682230710983276, -1.6434040069580078, -0.052092477679252625, 0.9441542625427246, -0.3253602683544159, 1.926680088043213, 0.0, 0.0, 0.0, 1.0],
      [-0.9378275871276855, 0.03491857275366783, -0.34533992409706116, -0.3390498757362366, -0.31365859508514404, 0.3408370614051819, 0.886255145072937, -1.2772815227508545, 0.14865151047706604, 0.9394737482070923, -0.30869418382644653, 3.0337295532226562, 0.0, 0.0, 0.0, 1.0],
      [-0.949349582195282, -0.041970394551754, -0.31140562891960144, -0.3313446044921875, -0.2858293652534485, 0.5270135402679443, 0.800348699092865, -1.2020710706710815, 0.13052412867546082, 0.8488197326660156, -0.512316882610321, 3.241037607192993, 0.0, 0.0, 0.0, 1.0],
      [0.12457950413227081, 0.17436298727989197, -0.9767687320709229, -1.243877649307251, 0.5199512243270874, 0.8269714713096619, 0.21393834054470062, -0.9907385110855103, 0.8450628519058228, -0.5345245599746704, 0.012363314628601074, 2.713561534881592, 0.0, 0.0, 0.0, 1.0],
      [-0.11086972802877426, 0.24737432599067688, -0.9625557065010071, -1.1184439659118652, 0.4782913029193878, 0.8622716069221497, 0.16651055216789246, -0.39582937955856323, 0.8711748719215393, -0.441921204328537, -0.21391695737838745, 2.329033613204956, 0.0, 0.0, 0.0, 1.0],
      [-0.09626272320747375, 0.2901991903781891, -0.9521121978759766, -0.8800114393234253, 0.519296407699585, 0.8306960463523865, 0.20068886876106262, 0.43527358770370483, 0.8491555452346802, -0.47510966658592224, -0.23066461086273193, 1.903086543083191, 0.0, 0.0, 0.0, 1.0],
      [-0.27734988927841187, 0.774507999420166, -0.5685182809829712, 0.5398116111755371, -0.8766273260116577, -0.4461665749549866, -0.18016394972801208, -1.7208940982818604, -0.3931923508644104, 0.4484108090400696, 0.8027000427246094, 2.8100831508636475, 0.0, 0.0, 0.0, 1.0],
      [-0.24727031588554382, 0.9191569685935974, -0.30660480260849, 1.057133436203003, -0.8287432789802551, -0.3645758628845215, -0.424579918384552, -2.0189049243927, -0.5020365118980408, 0.14911094307899475, 0.8518949747085571, 3.109592914581299, 0.0, 0.0, 0.0, 1.0],
      [-0.29376035928726196, 0.9391787052154541, -0.1778963804244995, 1.949136734008789, -0.8155694603919983, -0.3433287441730499, -0.4658012390136719, -2.3727104663848877, -0.49854764342308044, 0.00825309008359909, 0.8668228387832642, 3.2542989253997803, 0.0, 0.0, 0.0, 1.0],
      [-0.9843893051147461, -0.002960171550512314, 0.1759779155254364, -0.42695313692092896, -0.15450146794319153, 0.4934285283088684, -0.8559538125991821, -1.6406135559082031, -0.08429878950119019, -0.8697814345359802, -0.48618316650390625, 1.9029030799865723, 0.0, 0.0, 0.0, 1.0],
      [-0.691375732421875, -0.6764225363731384, -0.25387316942214966, -0.8586524128913879, -0.6939659118652344, 0.719495415687561, -0.027146190404891968, -1.4791057109832764, 0.20102328062057495, 0.15741100907325745, -0.9668565392494202, 1.6192313432693481, 0.0, 0.0, 0.0, 1.0],
      [-0.9390059113502502, -0.3364684581756592, 0.07110841572284698, -1.5499221086502075, -0.12666326761245728, 0.14614051580429077, -0.9811213612556458, -0.7201886177062988, 0.3197248876094818, -0.9302862286567688, -0.17984478175640106, 1.7732268571853638, 0.0, 0.0, 0.0, 1.0],
      [-0.9027348756790161, -0.17667251825332642, -0.39224475622177124, -2.087400436401367, -0.3777238726615906, 0.761903703212738, 0.5261435508728027, -0.48674216866493225, 0.2058979719877243, 0.6231285333633423, -0.7545311450958252, 0.2871774435043335, 0.0, 0.0, 0.0, 1.0],
      [-0.701252818107605, 0.6333823800086975, 0.3272164463996887, -0.0004386957734823227, 0.662537157535553, 0.74847012758255, -0.028915852308273315, -1.388015627861023, -0.2632269561290741, 0.19651557505130768, -0.9445068836212158, 1.4549020528793335, 0.0, 0.0, 0.0, 1.0],
      [-0.8500844836235046, 0.4972420930862427, -0.17351078987121582, 0.6390894055366516, 0.22528457641601562, 0.04554194584488869, -0.9732276797294617, -0.651864767074585, -0.4760281443595886, -0.8664157390594482, -0.15073519945144653, 1.6623257398605347, 0.0, 0.0, 0.0, 1.0],
      [-0.8307396769523621, 0.04856017231941223, 0.554538369178772, 1.4333900213241577, 0.3920888304710388, 0.7581819295883179, 0.5209854245185852, -0.5791155695915222, -0.395142138004303, 0.6502318382263184, -0.648892343044281, 0.27830302715301514, 0.0, 0.0, 0.0, 1.0],
      [-0.1225641742348671, 0.9921810030937195, -0.02356092445552349, -3.957606315612793, -0.8114624619483948, -0.11385154724121094, -0.5732073783874512, 0.4181043207645416, -0.5714079141616821, -0.05113588646054268, 0.8190715312957764, 0.3220055103302002, 0.0, 0.0, 0.0, 1.0]
    ],
    "0.44": [
      [-0.9967254400253296, -0.050529178231954575, 0.0631263256072998, -0.4471258521080017, 0.013484766706824303, -0.8736401796340942, -0.4863852858543396, -1.6129603385925293, 0.07972635328769684, -0.48394134640693665, 0.871461033821106, 1.897700309753418, 0.0, 0.0, 0.0, 1.0],
      [-0.9330193996429443, 0.06806905567646027, 0.3533289432525635, -0.4513012170791626, 0.3550034165382385, 0.3343617916107178, 0.8730260133743286, -1.7029087543487549, -0.058713749051094055, 0.9399831295013428, -0.3361309766769409, 1.8607146739959717, 0.0, 0.0, 0.0, 1.0],
      [-0.9299507141113281, 0.024373210966587067, -0.3668757379055023, -0.37733176350593567, -0.3351885676383972, 0.3539312183856964, 0.873144268989563, -1.3202251195907593, 0.1511300653219223, 0.9349536895751953, -0.3209690451622009, 2.962984561920166, 0.0, 0.0, 0.0, 1.0],
      [-0.9421311020851135, -0.056984540075063705, -0.3303664028644562, -0.37195348739624023, -0.30789899826049805, 0.5369048118591309, 0.7854495048522949, -1.2421252727508545, 0.1326168030500412, 0.8417157530784607, -0.5233803391456604, 3.169295310974121, 0.0, 0.0, 0.0, 1.0],
      [0.06303204596042633, 0.26492229104042053, -0.9622074961662292, -1.288409948348999, 0.7820543646812439, 0.5858513116836548, 0.21253176033496857, -1.0607876777648926, 0.6200145483016968, -0.7658946514129639, -0.17025628685951233, 2.6374738216400146, 0.0, 0.0, 0.0, 1.0],
      [-0.18952259421348572, 0.1596413105726242, -0.968811571598053, -1.0978293418884277, 0.7141769528388977, 0.6995387077331543, -0.024439498782157898, -0.6393362283706665, 0.6738193035125732, -0.6965347528457642, -0.2465905249118805, 2.0865023136138916, 0.0, 0.0, 0.0, 1.0],
      [-0.17907898128032684, 0.20672039687633514, -0.9618719220161438, -0.9439585208892822, 0.7474575638771057, 0.6643001437187195, 0.0036081522703170776, 0.03491616249084473, 0.639717161655426, -0.7183122038841248, -0.27347689867019653, 1.4151451587677002, 0.0, 0.0, 0.0, 1.0],
      [-0.24759790301322937, 0.7472450733184814, -0.6167004704475403, 0.5128743648529053, -0.8869502544403076, -0.430965781211853, -0.16609248518943787, -1.7444727420806885, -0.3898885250091553, 0.5058589577674866, 0.7694759368896484, 2.746756076812744, 0.0, 0.0, 0.0, 1.0],
      [-0.20956675708293915, 0.9143432974815369, -0.346493124961853, 1.011986255645752, -0.8421005606651306, -0.34886786341667175, -0.4112865626811981, -2.032330274581909, -0.49693742394447327, 0.2055903524160385, 0.8430808782577515, 3.084637403488159, 0.0, 0.0, 0.0, 1.0],
      [-0.25568342208862305, 0.9430196285247803, -0.21293070912361145, 1.8993180990219116, -0.8300330638885498, -0.3270540237426758, -0.4517516493797302, -2.37089204788208, -0.49565041065216064, 0.06123434752225876, 0.8663605451583862, 3.284154176712036, 0.0, 0.0, 0.0, 1.0],
      [-0.9718930721282959, -0.026108013466000557, 0.23396995663642883, -0.4531513750553131, -0.2151191234588623, 0.5022364258766174, -0.8375452160835266, -1.6993846893310547, -0.09564164280891418, -0.8643361330032349, -0.4937364459037781, 1.8369873762130737, 0.0, 0.0, 0.0, 1.0],
      [-0.6535165905952454, -0.7233397364616394, -0.22292503714561462, -0.8925828337669373, -0.7462829351425171, 0.6649441719055176, 0.030180007219314575, -1.578134298324585, 0.12640243768692017, 0.1860881745815277, -0.9743683338165283, 1.5397671461105347, 0.0, 0.0, 0.0, 1.0],
      [-0.9413197040557861, -0.3097180724143982, 0.1341334879398346, -1.6332627534866333, -0.1897096484899521, 0.15682174265384674, -0.9692353010177612, -0.8730693459510803, 0.2791546881198883, -0.9378069043159485, -0.20637574791908264, 1.7245614528656006, 0.0, 0.0, 0.0, 1.0],
      [-0.8864573836326599, -0.24319954216480255, -0.39376014471054077, -2.128009796142578, -0.4345228970050812, 0.7302341461181641, 0.5272073745727539, -0.6225606203079224, 0.15932059288024902, 0.638444721698761, -0.7529975175857544, 0.22649848461151123, 0.0, 0.0, 0.0, 1.0],
      [-0.7276259660720825, 0.5789772272109985, 0.3678932785987854, -0.03729607164859772, 0.6382130980491638, 0.7679888010025024, 0.0536361038684845, -1.3986856937408447, -0.2514840364456177, 0.2738213539123535, -0.9283197522163391, 1.4066669940948486, 0.0, 0.0, 0.0, 1.0],
      [-0.842212438583374, 0.5263621807098389, -0.11670810729265213, 0.5478572845458984, 0.19343659281730652, 0.0929509624838829, -0.9766997694969177, -0.6448408961296082, -0.5032498836517334, -0.8451644778251648, -0.18010210990905762, 1.6911448240280151, 0.0, 0.0, 0.0, 1.0],
      [-0.8346483707427979, -0.015513360500335693, 0.5505644083023071, 1.3886747360229492, 0.3589054346084595, 0.7429190278053284, 0.5650293827056885, -0.4963599741458893, -0.4177905023097992, 0.6692015528678894, -0.6145083904266357, 0.3410691022872925, 0.0, 0.0, 0.0, 1.0],
