{
  "actions": {
  "brake": { 
    "0.0": [
      [-0.9970340132713318, -0.07228203117847443, -0.02643417753279209, -0.2933923900127411, 0.07580631226301193, -0.8629483580589294, -0.49957340955734253, -1.7975775003433228, 0.013298852369189262, -0.500095546245575, 0.865868091583252, 1.9995390176773071, 0.0, 0.0, 0.0, 1.0],
      [-0.9919439554214478, 0.042426079511642456, -0.11936284601688385, -0.3006790280342102, -0.12667587399482727, -0.33835121989250183, 0.9324547052383423, -1.8866405487060547, -0.0008261948823928833, 0.9400629997253418, 0.3409997820854187, 1.9609284400939941, 0.0, 0.0, 0.0, 1.0],
      [-0.6550365090370178, -0.005646072328090668, -0.7555763721466064, -0.2519553005695343, -0.7090575695037842, -0.3409302830696106, 0.6172552108764648, -2.2920618057250977, -0.2610839009284973, 0.940071702003479, 0.21931831538677216, 3.0564544200897217, 0.0, 0.0, 0.0, 1.0],
      [-0.6804567575454712, -0.1715405285358429, -0.7124274373054504, -0.2532011866569519, -0.6847760081291199, -0.19727055728435516, 0.7015455961227417, -2.367292881011963, -0.26088446378707886, 0.9652243256568909, 0.016767218708992004, 3.2638943195343018, 0.0, 0.0, 0.0, 1.0],
      [-0.39216604828834534, -0.2589641809463501, -0.8826913237571716, -1.219081163406372, 0.28246453404426575, 0.8793006539344788, -0.38346385955810547, -2.305617570877075, 0.8754543662071228, -0.399710088968277, -0.27168363332748413, 2.796046257019043, 0.0, 0.0, 0.0, 1.0],
      [-0.5233433246612549, 0.00672188401222229, -0.8520957827568054, -1.405375599861145, 0.16008779406547546, 0.9829391837120056, -0.09056912362575531, -1.6730637550354004, 0.8369494676589966, -0.18380850553512573, -0.5154905915260315, 2.5085015296936035, 0.0, 0.0, 0.0, 1.0],
      [-0.5202443599700928, 0.06578361988067627, -0.8514805436134338, -1.39889657497406, 0.20799650251865387, 0.9767666459083557, -0.051620252430438995, -0.7256549596786499, 0.8283019661903381, -0.20395970344543457, -0.5218399167060852, 2.3313372135162354, 0.0, 0.0, 0.0, 1.0],
      [0.43787682056427, -0.1263166069984436, 0.8901169300079346, 0.6946555972099304, -0.34091484546661377, 0.8928060531616211, 0.2944047152996063, -2.057413101196289, -0.8318896889686584, -0.4323672354221344, 0.3478753864765167, 2.7955408096313477, 0.0, 0.0, 0.0, 1.0],
      [0.34293538331985474, -0.2167898267507553, 0.9140008687973022, 0.6102842092514038, -0.4425315260887146, 0.8209832310676575, 0.3607657849788666, -1.461075782775879, -0.8285893797874451, -0.5281936526298523, 0.1856074333190918, 2.506747245788574, 0.0, 0.0, 0.0, 1.0],
      [0.358073890209198, -0.22857360541820526, 0.9052829742431641, 0.3998987674713135, -0.4922504127025604, 0.7776663303375244, 0.39105528593063354, -0.6643459796905518, -0.7933924794197083, -0.585652768611908, 0.1659460961818695, 1.9941574335098267, 0.0, 0.0, 0.0, 1.0],
      [-0.993270993232727, 0.09881286323070526, 0.06040878966450691, -0.3006981909275055, 0.04886931553483009, 0.8304759860038757, -0.5549067258834839, -1.8827288150787354, -0.10499997437000275, -0.5482204556465149, -0.8297165036201477, 1.9371896982192993, 0.0, 0.0, 0.0, 1.0],
      [-0.7762956023216248, -0.5786178112030029, -0.25013405084609985, -0.6947928667068481, -0.5793973207473755, 0.8112598657608032, -0.07846111059188843, -1.5450732707977295, 0.24832262098789215, 0.08401799201965332, -0.9650269150733948, 1.7909319400787354, 0.0, 0.0, 0.0, 1.0],
      [-0.948826789855957, -0.3104060888290405, -0.05810592323541641, -1.2829630374908447, 0.04342106729745865, 0.05401693284511566, -0.9975955486297607, -0.6913563013076782, 0.3127983510494232, -0.9490681290626526, -0.03777457773685455, 1.8672983646392822, 0.0, 0.0, 0.0, 1.0],
      [-0.9454973936080933, -0.07727320492267609, -0.31632915139198303, -1.7788090705871582, -0.22390206158161163, 0.8596290349960327, 0.4592447280883789, -0.6050690412521362, 0.2364383041858673, 0.5050413608551025, -0.8300783038139343, 0.35124659538269043, 0.0, 0.0, 0.0, 1.0],
      [-0.8903399705886841, 0.4521283805370331, 0.05361904203891754, 0.1768188327550888, 0.45226311683654785, 0.891825258731842, -0.010286778211593628, -1.5192583799362183, -0.05246976017951965, 0.01509121060371399, -0.9985085129737854, 1.6206142902374268, 0.0, 0.0, 0.0, 1.0],
      [-0.974477231502533, 0.21813860535621643, 0.05301183834671974, 0.6410109400749207, -0.04166586697101593, 0.056290674954652786, -0.9975448250770569, -0.6390207409858704, -0.2205871194601059, -0.9742932319641113, -0.045765046030282974, 1.6450035572052002, 0.0, 0.0, 0.0, 1.0],
      [-0.9785124063491821, 0.020555272698402405, 0.20516206324100494, 0.9894683361053467, 0.13353294134140015, 0.8213402628898621, 0.554589569568634, -0.5491013526916504, -0.1571081578731537, 0.5700684785842896, -0.8064361810684204, 0.08865582942962646, 0.0, 0.0, 0.0, 1.0],
      [-0.02725246362388134, 0.9996183514595032, 0.0044915517792105675, -4.250483512878418, -0.8060687780380249, -0.019317766651511192, -0.59150630235672, 0.0703778862953186, -0.5911939740180969, -0.019740508869290352, 0.8062878251075745, 0.3252904415130615, 0.0, 0.0, 0.0, 1.0]
    ]
  },
  "left": { 
    "0.0": [
      [-0.46769243478775024, -0.8022890686988831, -0.37093910574913025, -1.2916516065597534, 0.8834933042526245, -0.4369123578071594, -0.16895803809165955, -0.7550982236862183, -0.026514768600463867, -0.4067426025867462, 0.9131578803062439, 2.260287046432495, 0.0, 0.0, 0.0, 1.0],
      [-0.626579999923706, -0.6957930326461792, 0.3510974049568176, -1.3734016418457031, 0.4815380573272705, 0.008585356175899506, 0.8763829469680786, -0.7992458343505859, -0.6127956509590149, 0.7181909680366516, 0.32967135310173035, 2.2312352657318115, 0.0, 0.0, 0.0, 1.0],
      [-0.6763001680374146, -0.7238985300064087, -0.13634106516838074, -2.1917946338653564, -0.2329813838005066, 0.034618549048900604, 0.9718647003173828, -0.797195315361023, -0.6988116502761841, 0.6890373229980469, -0.1920676827430725, 3.066188097000122, 0.0, 0.0, 0.0, 1.0],
      [-0.7600587606430054, -0.6308332085609436, -0.1560765951871872, -2.3515329360961914, -0.4204532206058502, 0.29423248767852783, 0.8582808971405029, -0.7895562648773193, -0.49550941586494446, 0.7179667949676514, -0.48887014389038086, 3.218233823776245, 0.0, 0.0, 0.0, 1.0],
      [-0.5614073872566223, -0.2681126296520233, -0.7829031348228455, -2.593501567840576, 0.8128193616867065, -0.35630157589912415, -0.4608408510684967, -0.3244543969631195, -0.1553923487663269, -0.8950783610343933, 0.4179575443267822, 2.2797555923461914, 0.0, 0.0, 0.0, 1.0],
      [-0.6649286150932312, 0.028584927320480347, -0.7463597059249878, -2.786377191543579, 0.7317361235618591, 0.2253098338842392, -0.6432713866233826, -0.5807716846466064, 0.14977440237998962, -0.9738680720329285, -0.17073166370391846, 1.6358516216278076, 0.0, 0.0, 0.0, 1.0],
      [-0.6608630418777466, 0.09034400433301926, -0.745048999786377, -2.7588253021240234, 0.7434608340263367, 0.21451666951179504, -0.633442223072052, -0.36360615491867065, 0.10259780287742615, -0.9725333452224731, -0.20893347263336182, 0.6971859931945801, 0.0, 0.0, 0.0, 1.0],
      [-0.06576278805732727, 0.875764012336731, 0.47823861241340637, -1.381085753440857, -0.8393417596817017, 0.21063369512557983, -0.5011369585990906, -1.2512483596801758, -0.5396103858947754, -0.43436199426651, 0.7212138175964355, 3.4608964920043945, 0.0, 0.0, 0.0, 1.0],
      [0.017013907432556152, 0.7024809122085571, 0.7114987969398499, -0.796131432056427, -0.6075059175491333, 0.5724509358406067, -0.5506685376167297, -1.1105585098266602, -0.7941320538520813, -0.42287108302116394, 0.43650132417678833, 3.1707704067230225, 0.0, 0.0, 0.0, 1.0],
      [-0.02532811276614666, 0.6753109693527222, 0.7370977401733398, -0.1144031286239624, -0.6435361504554749, 0.5532245635986328, -0.5289642214775085, -0.5550188422203064, -0.7649955153465271, -0.4877471327781677, 0.42057523131370544, 2.7603917121887207, 0.0, 0.0, 0.0, 1.0],
      [-0.5163363218307495, 0.8118541836738586, -0.2725607752799988, -1.3718698024749756, 0.6758548021316528, 0.19083788990974426, -0.71189945936203, -0.799155592918396, -0.5259438753128052, -0.551791250705719, -0.6472322940826416, 2.2072253227233887, 0.0, 0.0, 0.0, 1.0],
      [-0.8347371816635132, 0.4390854835510254, -0.3322913348674774, -1.2340691089630127, 0.42115598917007446, 0.8978485465049744, 0.12843462824821472, -0.30926012992858887, 0.3547411262989044, -0.03273731470108032, -0.9343913793563843, 2.037153720855713, 0.0, 0.0, 0.0, 1.0],
      [-0.4081578254699707, -0.2114449441432953, -0.8880866765975952, -0.7555082440376282, 0.8398662209510803, 0.294319748878479, -0.4560706317424774, 0.620333731174469, 0.35781538486480713, -0.9320231676101685, 0.057456523180007935, 2.016484498977661, 0.0, 0.0, 0.0, 1.0],
      [-0.6907673478126526, 0.7113114595413208, 0.12990835309028625, -1.0932726860046387, 0.6683297753334045, 0.5595008730888367, 0.49019768834114075, 1.09048330783844, 0.2759995460510254, 0.425434410572052, -0.8618757724761963, 0.5276604890823364, 0.0, 0.0, 0.0, 1.0],
      [0.05096498131752014, 0.9977611303329468, -0.04330138862133026, -0.8242657780647278, 0.9567426443099976, -0.06121327728033066, -0.28442224860191345, -1.1279370784759521, -0.2864362895488739, -0.02693270891904831, -0.9577207565307617, 1.9114489555358887, 0.0, 0.0, 0.0, 1.0],
      [-0.4509833753108978, 0.13610327243804932, -0.8820939660072327, 0.15987826883792877, 0.8141630291938782, -0.3422326445579529, -0.4690577983856201, -1.2058393955230713, -0.3657218813896179, -0.9297058582305908, 0.04353104531764984, 1.8713746070861816, 0.0, 0.0, 0.0, 1.0],
      [-0.27961963415145874, 0.7806605100631714, 0.5589112639427185, 0.3772912919521332, 0.9246143102645874, 0.37577682733535767, -0.06228861212730408, -1.752526044845581, -0.25865238904953003, 0.4993603527545929, -0.8268848061561584, 0.3862513303756714, 0.0, 0.0, 0.0, 1.0],
      [-0.6923590898513794, 0.476838618516922, -0.5415381789207458, -1.6475553512573242, -0.37695935368537903, -0.8789884448051453, -0.2920285761356354, 3.207820415496826, -0.6152564883232117, 0.0019492633873596787, 0.7883245944976807, 0.4238851070404053, 0.0, 0.0, 0.0, 1.0]
    ]
  },
  "neutral": { 
    "0.0": [
      [-6.562707312696148e-06, -0.9204720854759216, 0.3908088207244873, 0.19904693961143494, 0.9996930360794067, 0.009677618741989136, 0.02281048893928528, -0.4749291241168976, -0.02477848529815674, 0.3906888961791992, 0.9201891422271729, 3.0754141807556152, 0.0, 0.0, 0.0, 1.0],
      [-0.6529766917228699, -0.018016591668128967, 0.7571640014648438, 0.11444257199764252, 0.7156388163566589, 0.3126196265220642, 0.6246041059494019, -0.47373664379119873, -0.24795743823051453, 0.9497075080871582, -0.1912398785352707, 3.123547077178955, 0.0, 0.0, 0.0, 1.0],
      [-0.9912880659103394, -0.046820130199193954, 0.12311065196990967, 0.08421191573143005, 0.09927335381507874, 0.3487001061439514, 0.9319621324539185, -0.11315363645553589, -0.08656327426433563, 0.9360643029212952, -0.3410140872001648, 4.235295295715332, 0.0, 0.0, 0.0, 1.0],
      [-0.9860882759094238, -0.018885405734181404, 0.16514714062213898, 0.0738803967833519, 0.1283498853445053, 0.5448169708251953, 0.82867431640625, -0.03620807081460953, -0.10562480986118317, 0.8383423686027527, -0.5348135232925415, 4.4418511390686035, 0.0, 0.0, 0.0, 1.0],
      [0.2788344621658325, -0.4034951329231262, -0.8714606761932373, -0.5278058052062988, 0.9148361682891846, 0.3876246511936188, 0.11323864758014679, 0.49558764696121216, 0.29210835695266724, -0.8288179636001587, 0.47721460461616516, 3.7271642684936523, 0.0, 0.0, 0.0, 1.0],
      [0.14672526717185974, -0.055745527148246765, -0.9876055717468262, -0.8180732727050781, 0.8964698314666748, 0.42950496077537537, 0.1089419350028038, 0.7744381427764893, 0.41810834407806396, -0.9013423323631287, 0.11299324035644531, 3.1309268474578857, 0.0, 0.0, 0.0, 1.0],
      [0.14632652699947357, -0.023899365216493607, -0.9889479875564575, -0.8718037009239197, 0.9160460829734802, 0.3806556165218353, 0.1263406127691269, 1.188417673110962, 0.3734290599822998, -0.9244080185890198, 0.07759280502796173, 2.2621653079986572, 0.0, 0.0, 0.0, 1.0],
      [-0.585405170917511, 0.7891221046447754, 0.1859743297100067, 0.7344900965690613, -0.7457026243209839, -0.4340667724609375, -0.5054836273193359, -0.8846712112426758, -0.31816279888153076, -0.43459445238113403, 0.8425554037094116, 4.202020645141602, 0.0, 0.0, 0.0, 1.0],
      [-0.6640624403953552, 0.7173157930374146, 0.2108987420797348, 1.2615731954574585, -0.6464337110519409, -0.40909343957901, -0.6440232992172241, -1.1746000051498413, -0.3756905496120453, -0.5640039443969727, 0.735360860824585, 3.9117393493652344, 0.0, 0.0, 0.0, 1.0],
      [-0.7072104215621948, 0.665930449962616, 0.23746396601200104, 1.957698106765747, -0.6210803389549255, -0.424692839384079, -0.6587072014808655, -1.571608066558838, -0.3378036618232727, -0.6133291125297546, 0.7139436602592468, 3.3643970489501953, 0.0, 0.0, 0.0, 1.0],
      [-0.4638866186141968, 0.14249327778816223, -0.8743600845336914, 0.09782453626394272, 0.8463141322135925, -0.22043997049331665, -0.4849317967891693, -0.4741678833961487, -0.26184335350990295, -0.9649361968040466, -0.01833502948284149, 3.1061551570892334, 0.0, 0.0, 0.0, 1.0],
      [0.22687344253063202, 0.17967525124549866, -0.957207441329956, 0.23116743564605713, 0.7541614770889282, 0.5894821286201477, 0.2893986701965332, -0.11107714474201202, 0.6162541508674622, -0.787545382976532, -0.0017664991319179535, 2.7071406841278076, 0.0, 0.0, 0.0, 1.0],
      [0.2307741492986679, -0.5175269842147827, -0.82396000623703, 0.41407620906829834, 0.9336193799972534, 0.3562767505645752, 0.037711068987846375, 0.48901355266571045, 0.27404117584228516, -0.7779673933982849, 0.5653920769691467, 1.9054222106933594, 0.0, 0.0, 0.0, 1.0],
      [-0.029594600200653076, 0.9922229647636414, -0.12090721726417542, -0.41262704133987427, 0.9279983639717102, 0.07221922278404236, 0.36551839113235474, 1.058133840560913, 0.37140730023384094, -0.10138401389122009, -0.9229179620742798, 0.6626886129379272, 0.0, 0.0, 0.0, 1.0],
      [-0.13884037733078003, 0.17282389104366302, -0.9751184582710266, 0.08478102087974548, 0.828371524810791, -0.519331693649292, -0.20998921990394592, -1.0233643054962158, -0.5427007675170898, -0.8369148969650269, -0.07105826586484909, 2.690525770187378, 0.0, 0.0, 0.0, 1.0],
      [-0.1864294409751892, -0.5223381519317627, -0.8321104049682617, 0.26071518659591675, 0.9291732311248779, -0.36890411376953125, 0.023395270109176636, -1.5520422458648682, -0.31918907165527344, -0.7688126564025879, 0.5541167855262756, 1.8385491371154785, 0.0, 0.0, 0.0, 1.0],
      [-0.00755542516708374, 0.9997495412826538, -0.02108442783355713, -0.5736740231513977, 0.9283736348152161, -0.0008220076560974121, -0.3716477155685425, -2.141334295272827, -0.3715716302394867, -0.022382140159606934, -0.9281343221664429, 0.6104385852813721, 0.0, 0.0, 0.0, 1.0],
      [-0.9997235536575317, 0.00010728536290116608, 0.023513900116086006, 0.0315861701965332, -0.00017150817438960075, -0.9999963641166687, -0.0027213951107114553, 3.2083985805511475, 0.023513521999120712, -0.002724672434851527, 0.9997198581695557, 0.27819013595581055, 0.0, 0.0, 0.0, 1.0]
    ]
  },
  "right": { 
    "0.0": [
      [0.6470701694488525, -0.5754731893539429, 0.5001307725906372, 1.8879835605621338, 0.7593386173248291, 0.5454344749450684, -0.35483211278915405, -2.0865001678466797, -0.06859225034713745, 0.6093699932098389, 0.7899134755134583, 2.268590211868286, 0.0, 0.0, 0.0, 1.0],
      [-0.3143215477466583, 0.549628496170044, 0.7740224599838257, 1.837968349456787, 0.9380592107772827, 0.05463351309299469, 0.3421400189399719, -2.0377542972564697, 0.1457623988389969, 0.8336207866668701, -0.5327566862106323, 2.3364017009735107, 0.0, 0.0, 0.0, 1.0],
      [-0.6247172355651855, 0.6366314888000488, 0.45213812589645386, 2.471919536590576, 0.6650233268737793, 0.13031883537769318, 0.7353644371032715, -1.9754092693328857, 0.4092341363430023, 0.7600772380828857, -0.5047870874404907, 3.316777229309082, 0.0, 0.0, 0.0, 1.0],
      [-0.8743836879730225, 0.4809519648551941, -0.06433072686195374, 2.612401247024536, 0.13251280784606934, 0.36421409249305725, 0.9218395948410034, -1.9466526508331299, 0.4667908549308777, 0.797516942024231, -0.38219499588012695, 3.484498977661133, 0.0, 0.0, 0.0, 1.0],
      [0.8137420415878296, -0.5704102516174316, -0.11161059141159058, 2.0260283946990967, 0.5801794528961182, 0.8086820840835571, 0.09708429872989655, -1.0842597484588623, 0.03487949073314667, -0.14375557005405426, 0.9889984130859375, 3.2149839401245117, 0.0, 0.0, 0.0, 1.0],
      [0.8139392733573914, -0.4039207398891449, -0.4175543785095215, 1.615684986114502, 0.5401244163513184, 0.7908226847648621, 0.2878634035587311, -0.5025076866149902, 0.21393732726573944, -0.45983433723449707, 0.8618488311767578, 3.1115686893463135, 0.0, 0.0, 0.0, 1.0],
      [0.7943523526191711, -0.42637380957603455, -0.4326784014701843, 1.2263647317886353, 0.5772702097892761, 0.7515935897827148, 0.3191652297973633, 0.2597290277481079, 0.1891145259141922, -0.5033015608787537, 0.8431627750396729, 2.668355941772461, 0.0, 0.0, 0.0, 1.0],
      [-0.876438558101654, 0.4556029140949249, -0.15582174062728882, 2.6329967975616455, -0.07138869911432266, -0.44298055768013, -0.8936841487884521, -2.8936963081359863, -0.47619134187698364, -0.7721357345581055, 0.42077046632766724, 2.9294652938842773, 0.0, 0.0, 0.0, 1.0],
      [-0.8868278861045837, 0.41490310430526733, -0.2034466564655304, 2.9373104572296143, 0.06604477763175964, -0.32194337248802185, -0.944452166557312, -3.1895790100097656, -0.45735469460487366, -0.8510036468505859, 0.25810641050338745, 2.4137279987335205, 0.0, 0.0, 0.0, 1.0],
      [-0.9115864038467407, 0.3657025098800659, -0.1878049373626709, 3.339956521987915, 0.08380022644996643, -0.281940221786499, -0.955764889717102, -3.50201153755188, -0.4024755656719208, -0.8870010375976562, 0.22636713087558746, 1.587864637374878, 0.0, 0.0, 0.0, 1.0],
      [0.5901997089385986, -0.42595720291137695, -0.6857293844223022, 1.8218212127685547, 0.7932220697402954, 0.1482996940612793, 0.5905978083610535, -2.025132894515991, -0.1498759388923645, -0.89250648021698, 0.4254050850868225, 2.3238003253936768, 0.0, 0.0, 0.0, 1.0],
      [0.8831771612167358, -0.3834053874015808, -0.270182728767395, 1.8724992275238037, 0.46506309509277344, 0.640961766242981, 0.6106425523757935, -1.595052719116211, -0.06094682961702347, -0.6649575233459473, 0.7443903684616089, 1.8729418516159058, 0.0, 0.0, 0.0, 1.0],
      [0.6598893404006958, -0.7316623330116272, 0.17092876136302948, 1.482193946838379, 0.7011410593986511, 0.6814109086990356, 0.20995309948921204, -0.9425559043884277, -0.27008742094039917, -0.01870065927505493, 0.9626542329788208, 1.1960175037384033, 0.0, 0.0, 0.0, 1.0],
      [0.13729900121688843, 0.896484911441803, -0.42126479744911194, 0.31342852115631104, 0.6999310255050659, 0.21312537789344788, 0.6816699504852295, 0.14593732357025146, 0.7008890509605408, -0.3884488046169281, -0.5982155799865723, 1.166144847869873, 0.0, 0.0, 0.0, 1.0],
      [0.15201331675052643, -0.750443696975708, -0.643215537071228, 1.4115303754806519, 0.9265643358230591, -0.11833256483078003, 0.3570377230644226, -2.3300116062164307, -0.3440501093864441, -0.6502550840377808, 0.6773462295532227, 2.0211634635925293, 0.0, 0.0, 0.0, 1.0],
      [0.4044948220252991, -0.9100221395492554, -0.09079515933990479, 0.6475811004638672, 0.856107234954834, 0.3418615460395813, 0.38757088780403137, -2.4504737854003906, -0.32165876030921936, -0.23450079560279846, 0.9173576831817627, 1.359205961227417, 0.0, 0.0, 0.0, 1.0],
      [0.6995072364807129, 0.33234813809394836, -0.6326408982276917, -0.8060991764068604, 0.4292403757572174, -0.9031903147697449, 0.00013169646263122559, -1.9043800830841064, -0.5713512301445007, -0.27164706587791443, -0.7744452953338623, 0.9846116304397583, 0.0, 0.0, 0.0, 1.0],
      [-0.8725935816764832, -0.4216948449611664, 0.24648290872573853, 1.5370665788650513, 0.4093787670135498, -0.9066583514213562, -0.10188016295433044, 2.500969171524048, 0.26643818616867065, 0.012004928663372993, 0.9637772440910339, 0.5820105075836182, 0.0, 0.0, 0.0, 1.0]
    ]
  }  },
"inverseBindPoses": [
[1.0, 6.192593446030514e-06, 1.6506993461007369e-06, 0.3401612341403961, -6.200147254276089e-06, 0.8696072697639465, 0.49374428391456604, -0.6332163214683533, 1.6220974430325441e-06, -0.49374428391456604, 0.8696072101593018, -2.092196226119995, -0.0, 0.0, -0.0, 1.0],
[0.9999974966049194, -0.001690975041128695, -0.0014704522909596562, 0.34269827604293823, 0.0016909493133425713, 0.1388140171766281, 0.9903170466423035, -2.1117289066314697, -0.0014704818604514003, -0.9903171062469482, 0.13881650567054749, -0.7043722867965698, -0.0, 0.0, -0.0, 1.0],
[0.9999998807907104, -1.0349356216465821e-07, -5.275655912129196e-09, 0.33604949712753296, 5.434556360484066e-09, 6.459653377532959e-05, 0.9999998807907104, -3.345902919769287, -1.0360928826003146e-07, -1.0000001192092896, 6.462633609771729e-05, -0.23158760368824005, -0.0, 0.0, -0.0, 1.0],
[0.9993820190429688, -0.03423922881484032, -0.00794508308172226, 0.3562571704387665, 0.0002368949499214068, -0.21947410702705383, 0.9756183624267578, -3.530320644378662, -0.03514815866947174, -0.9750175476074219, -0.2193303108215332, 0.544870913028717, -0.0, 0.0, -0.0, 1.0],
[0.6821043491363525, -0.5816630721092224, 0.44317150115966797, -1.9520394802093506, 0.5816627144813538, 0.06428665667772293, -0.810885488986969, 2.1427414417266846, 0.4431723356246948, 0.8108852505683899, 0.382182240486145, -1.2175318002700806, -0.0, 0.0, -0.0, 1.0],
[0.778720498085022, -0.46604621410369873, 0.4199937582015991, -1.9675297737121582, 0.46604636311531067, -0.01843882165849209, -0.88456791639328, 1.7072092294692993, 0.41999396681785583, 0.8845680356025696, 0.20284079015254974, -0.7301048040390015, -0.0, 0.0, -0.0, 1.0],
[0.7994319796562195, -0.468620628118515, 0.37590253353118896, -1.9271445274353027, 0.41061797738075256, -0.030510440468788147, -0.9112967252731323, 0.8665889501571655, 0.4385215938091278, 0.8828722834587097, 0.16803334653377533, -0.7013854384422302, -0.0, 0.0, -0.0, 1.0],
[0.7825813293457031, 0.4821545481681824, -0.3938203454017639, 2.367365598678589, -0.48215430974960327, 0.06923879683017731, -0.873346209526062, 2.0699241161346436, -0.3938196897506714, 0.8733463287353516, 0.28665757179260254, -1.143706202507019, -0.0, 0.0, -0.0, 1.0],
[0.858269214630127, 0.3730091154575348, -0.3524759113788605, 2.361635684967041, -0.3730089068412781, -0.01831306889653206, -0.9276472330093384, 1.6935110092163086, -0.35247522592544556, 0.9276474714279175, 0.12341787666082382, -0.6578379273414612, -0.0, 0.0, 0.0, 1.0],
[0.8791053295135498, 0.3756788969039917, -0.2933262288570404, 2.3100545406341553, -0.3051074743270874, -0.029243454337120056, -0.951869010925293, 0.8936766386032104, -0.3661743700504303, 0.9262889623641968, 0.08891407400369644, -0.6307705044746399, -0.0, 0.0, 0.0, 1.0],
[1.0, -1.705669433249568e-06, 1.6839220506881247e-06, 0.3401581346988678, 1.7060779100575019e-06, 0.013073861598968506, -0.9999145269393921, 2.1790380477905273, 1.6835075484777917e-06, 0.9999145269393921, 0.013073980808258057, 0.35687455534935, -0.0, 0.0, -0.0, 1.0],
[0.9740064144134521, -0.16108378767967224, 0.1592591106891632, -0.4375252425670624, 0.16108344495296478, -0.0017553512006998062, -0.9869393110275269, 1.71245539188385, 0.15925946831703186, 0.9869391918182373, 0.02423832193017006, 0.3164743185043335, -0.0, 0.0, -0.0, 1.0],
[0.982950747013092, -0.13336357474327087, 0.12657636404037476, -0.40488043427467346, 0.13336345553398132, 0.043215323239564896, -0.9901245832443237, 0.7213154435157776, 0.1265765279531479, 0.990124523639679, 0.06026449054479599, 0.29938846826553345, -0.0, 0.0, -0.0, 1.0],
[0.7392488121986389, 0.5560553073883057, 0.37988659739494324, 0.1381569504737854, 0.6261062622070312, -0.7752393484115601, -0.08363701403141022, -0.6106911301612854, 0.24799615144729614, 0.2996777296066284, -0.9212446212768555, -0.7931421995162964, -0.0, 0.0, -0.0, 1.0],
[0.9740073084831238, 0.16108092665672302, -0.1592567414045334, 1.1001601219177246, -0.161081001162529, -0.0017550289630889893, -0.986939549446106, 1.6028691530227661, -0.15925666689872742, 0.9869396686553955, 0.02423778548836708, 0.20812968909740448, -0.0, 0.0, 0.0, 1.0],
[0.9829513430595398, 0.13336148858070374, -0.12657447159290314, 1.0736008882522583, -0.13336139917373657, 0.04321528598666191, -0.9901247024536133, 0.630586564540863, -0.1265745759010315, 0.9901248216629028, 0.060263920575380325, 0.2132779061794281, -0.0, 0.0, -0.0, 1.0],
[0.7090227603912354, -0.5916455388069153, -0.38372188806533813, 0.31546396017074585, -0.663862407207489, -0.7435400485992432, -0.08021817356348038, -1.0675750970840454, -0.23785185813903809, 0.3116150200366974, -0.9199577569961548, -0.9453169107437134, -0.0, 0.0, -0.0, 1.0],
[5.0590344358170114e-08, 0.9999999403953552, -0.0004774821281898767, 0.25212791562080383, -1.0000001192092896, 1.2179273767287668e-07, -0.00023879119544290006, 3.418456792831421, -0.00023879112268332392, 0.0004774820990860462, 0.9999998211860657, 1.080428957939148, -0.0, 0.0, 0.0, 1.0]],
"jointNameIndices": {
"root hips": 0,"spine": 1,"head neck lower": 2,"head neck upper": 3,"arm left shouler": 4,"arm left elbow": 5,"arm left wrist": 6,"arm right shoulder": 7,"arm right elbow": 8,"arm right wrist": 9,"pelvis": 10,"leg left thigh": 11,"leg left knee": 12,"leg left ankle": 13,"leg right thigh": 14,"leg right knee": 15,"leg right ankle": 16,"board": 17}
}