{
  "actions": {
  "ArmatureAction": { 
    "0.0": [
      [-0.010643751360476017, 0.06740375608205795, 0.9976690411567688, 0.17896857857704163, 0.9960901141166687, -0.08679042756557465, 0.016490576788783073, -0.27129897475242615, 0.08769970387220383, 0.9939437508583069, -0.06621643155813217, 1.1057713031768799, 0.0, 0.0, 0.0, 1.0],
      [-0.8783168196678162, 0.11875392496585846, 0.46309512853622437, 0.1867140382528305, 0.4579189419746399, -0.06935423612594604, 0.8862845301628113, -0.28127211332321167, 0.137367382645607, 0.9904986619949341, 0.006535381078720093, 1.219986081123352, 0.0, 0.0, 0.0, 1.0],
      [-0.8752471804618835, -0.13270558416843414, -0.46434125304222107, -0.5959727764129639, 0.4578036963939667, 0.07662872970104218, -0.8856338858604431, 0.12152847647666931, 0.1530311554670334, -0.9881888031959534, -0.006319020874798298, 2.072918176651001, 0.0, 0.0, 0.0, 1.0],
      [-0.8484010100364685, 0.13673454523086548, -0.5106865167617798, -0.7016186714172363, 0.5261635780334473, 0.3091433048248291, -0.7920770049095154, 0.18253201246261597, 0.04944441467523575, -0.9411260485649109, -0.3343839943408966, 1.2862286567687988, 0.0, 0.0, 0.0, 1.0],
      [-0.8757445812225342, -0.13270553946495056, -0.46339869499206543, 1.1441233158111572, 0.45684996247291565, 0.07662878930568695, -0.8861262798309326, -0.7859395742416382, 0.15302394330501556, -0.9881887435913086, -0.006483856588602066, 1.8007524013519287, 0.0, 0.0, 0.0, 1.0],
      [-0.845892608165741, 0.3638337254524231, -0.3890610337257385, 1.0384774208068848, 0.5322337746620178, 0.5548242926597595, -0.6392971873283386, -0.7249359488487244, -0.016894172877073288, -0.7481727004051208, -0.6632702946662903, 1.0140626430511475, 0.0, 0.0, 0.0, 1.0],
      [-0.8783155083656311, 0.11875401437282562, 0.46309763193130493, 0.30848056077957153, 0.45792150497436523, -0.06935403496026993, 0.8862832188606262, -0.3523857593536377, 0.137367382645607, 0.9904986619949341, 0.0065347724594175816, 2.235611915588379, 0.0, 0.0, 0.0, 1.0],
      [-0.337310791015625, -0.13018099963665009, -0.9323486685752869, 0.19312453269958496, 0.9269527196884155, 0.1269197016954422, -0.3530801236629486, -0.294705331325531, 0.16429872810840607, -0.9833332896232605, 0.07786211371421814, 1.313236117362976, 0.0, 0.0, 0.0, 1.0],
      [-0.29184460639953613, 0.32399916648864746, -0.8999171257019043, -0.004443586338311434, 0.8160991072654724, 0.5750450491905212, -0.05762755870819092, 0.08252407610416412, 0.4988199472427368, -0.7512348294258118, -0.4322335124015808, 0.5370650291442871, 0.0, 0.0, 0.0, 1.0],
      [-0.14711982011795044, -0.35195595026016235, -0.9243821501731873, 0.45660752058029175, 0.9000743627548218, 0.33990278840065, -0.27266818284988403, 0.9008136987686157, 0.4101659059524536, -0.8721197843551636, 0.26678070425987244, -0.5319428443908691, 0.0, 0.0, 0.0, 1.0],
      [-0.21958623826503754, 0.21754693984985352, -0.9510284066200256, 0.17362016439437866, 0.7946361899375916, -0.5256636142730713, -0.30372145771980286, -0.44261178374290466, -0.5659889578819275, -0.822409987449646, -0.057439208030700684, 0.5295877456665039, 0.0, 0.0, 0.0, 1.0],
      [-0.3646259009838104, -0.35338085889816284, -0.8614927530288696, 0.4831896722316742, 0.7718998193740845, -0.6321746706962585, -0.06739036738872528, -1.190631628036499, -0.5207934975624084, -0.6895531415939331, 0.5032808184623718, -0.640702486038208, 0.0, 0.0, 0.0, 1.0],
      [-0.07175132632255554, 0.01050790399312973, 0.997367262840271, 0.23385769128799438, 0.9974202513694763, 0.002904923865571618, 0.07172452658414841, -0.9698882102966309, -0.0021435513626784086, 0.9999405741691589, -0.010689225047826767, -1.0706700086593628, 0.0, 0.0, 0.0, 1.0]
    ]
  },
  "idle": { 
    "0.0": [
      [0.9999845623970032, 0.005339173600077629, 0.001570925465784967, -0.0629928782582283, 0.0015149430837482214, 0.010473284870386124, -0.9999440312385559, 0.07724583894014359, -0.0053553273901343346, 0.9999309182167053, 0.010464982129633427, 1.463300108909607, 0.0, 0.0, 0.0, 1.0],
      [0.9999845623970032, 0.005339161492884159, 0.0015717863570898771, -0.062379349023103714, 0.0015158038586378098, 0.010473305359482765, -0.9999440312385559, 0.07844927906990051, -0.005355324130505323, 0.9999309182167053, 0.010464997962117195, 1.5782028436660767, 0.0, 0.0, 0.0, 1.0],
      [0.9994744062423706, 0.010563679970800877, -0.00014952640049159527, 0.9305328726768494, 0.0002596324775367975, -0.010449296794831753, 0.9999454021453857, 0.08741891384124756, 0.010549107566475868, -0.9998894929885864, -0.010451409965753555, 2.296802282333374, 0.0, 0.0, 0.0, 1.0],
      [0.9995091557502747, -0.005339351017028093, -0.0036927852779626846, 0.938942551612854, 0.003638019086793065, -0.01047311257570982, 0.9999386072158813, 0.07910031080245972, -0.005397619679570198, -0.9999305605888367, -0.01045334991067648, 1.500797986984253, 0.0, 0.0, 0.0, 1.0],
      [0.9994718432426453, 0.010563671588897705, -0.0012256097979843616, -1.0507261753082275, 0.0013352045789361, -0.010449367575347424, 0.9999446272850037, 0.08463926613330841, 0.01053780410438776, -0.9998894333839417, -0.010462840087711811, 2.307410478591919, 0.0, 0.0, 0.0, 1.0],
      [0.999507486820221, -0.0053390879184007645, -0.0036633089184761047, -1.0423165559768677, 0.003607518505305052, -0.010473093017935753, 0.9999387860298157, 0.0763206034898758, -0.005397111177444458, -0.9999303817749023, -0.010453514754772186, 1.5114058256149292, 0.0, 0.0, 0.0, 1.0],
      [0.9999845623970032, 0.005339173134416342, 0.0015689096180722117, -0.05690474063158035, 0.0015129282837733626, 0.010473089292645454, -0.9999440312385559, 0.08918827772140503, -0.005355305038392544, 0.9999309182167053, 0.010464797727763653, 2.6035003662109375, 0.0, 0.0, 0.0, 1.0],
      [0.9999621510505676, -0.009297661483287811, -0.0022666477598249912, -0.06714680790901184, 0.0021692421287298203, -0.010478421114385128, 0.9999428391456604, 0.07942941784858704, -0.009320982731878757, -0.999902069568634, -0.010454596020281315, 1.672507882118225, 0.0, 0.0, 0.0, 1.0],
      [0.9999775290489197, -0.007610202766954899, -0.0016830475069582462, 0.21872571110725403, 0.0016033288557082415, -0.010476293042302132, 0.9999439120292664, 0.07150360196828842, -0.007627525366842747, -0.9999164342880249, -0.010460596531629562, 0.8753638863563538, 0.0, 0.0, 0.0, 1.0],
      [0.9999915361404419, -0.005339174531400204, -0.002069348469376564, 0.2078963816165924, 0.0020133957732468843, -0.010473281145095825, 0.999943196773529, 0.056595828384160995, -0.005360676907002926, -0.999931275844574, -0.010459181852638721, -0.5475180745124817, 0.0, 0.0, 0.0, 1.0],
      [0.9999786019325256, -0.0076101613231003284, -0.0008660128805786371, -0.33830586075782776, 0.0007863225182518363, -0.010476267896592617, 0.9999449253082275, 0.07072202116250992, -0.007618933916091919, -0.9999164342880249, -0.010466800071299076, 0.87834632396698, 0.0, 0.0, 0.0, 1.0],
      [0.9999915957450867, -0.005339194554835558, -0.002069376176223159, -0.3491351306438446, 0.002013423712924123, -0.010473281145095825, 0.9999432563781738, 0.05581428110599518, -0.00536069693043828, -0.9999312162399292, -0.010459180921316147, -0.5445356369018555, 0.0, 0.0, 0.0, 1.0],
      [0.9999845623970032, 0.005339126102626324, 0.001570979249663651, -0.08156463503837585, 0.0015149983810260892, 0.010473071597516537, -0.9999440312385559, 0.04081563651561737, -0.005355279892683029, 0.9999309182167053, 0.01046476885676384, -2.014866828918457, 0.0, 0.0, 0.0, 1.0]
    ]
  },
  "left": { 
    "0.0": [
      [-0.5384617447853088, -0.163079634308815, 0.8267188668251038, -1.7704120874404907, 0.8426077961921692, -0.11402412503957748, 0.5263180136680603, -0.3835582435131073, 0.008434190414845943, 0.9800018072128296, 0.19880980253219604, 0.950187623500824, 0.0, 0.0, 0.0, 1.0],
      [-0.955444872379303, 0.12046752125024796, 0.2694677710533142, -1.789151668548584, 0.2709016501903534, -0.004623115062713623, 0.9625959396362305, -0.39666080474853516, 0.11720731854438782, 0.9927065372467041, -0.028217703104019165, 1.0628002882003784, 0.0, 0.0, 0.0, 1.0],
      [-0.9525772333145142, -0.1356457620859146, -0.27082374691963196, -2.6469039916992188, 0.27203497290611267, 0.00893188826739788, -0.9622098207473755, -0.1319616138935089, 0.13286879658699036, -0.9907169938087463, 0.028405403718352318, 1.8973873853683472, 0.0, 0.0, 0.0, 1.0],
      [-0.9266929626464844, -0.05956646054983139, -0.36991989612579346, -2.7548904418945312, 0.3470253348350525, 0.2351427972316742, -0.9078612327575684, -0.12485100328922272, 0.14099642634391785, -0.9701336026191711, -0.19733703136444092, 1.1086852550506592, 0.0, 0.0, 0.0, 1.0],
      [-0.95286625623703, -0.13564573228359222, -0.26979801058769226, -0.7539515495300293, 0.27099934220314026, 0.008931952528655529, -0.9625021815299988, -0.6689114570617676, 0.1328989863395691, -0.9907169342041016, 0.02826225757598877, 1.6651722192764282, 0.0, 0.0, 0.0, 1.0],
      [-0.9180371165275574, 0.3382154703140259, -0.20484855771064758, -0.8619381189346313, 0.3927188813686371, 0.7208023071289062, -0.5710928440093994, -0.6618008017539978, -0.04564810171723366, -0.6049892902374268, -0.7949120402336121, 0.8764697313308716, 0.0, 0.0, 0.0, 1.0],
      [-0.9554440975189209, 0.12046757340431213, 0.2694704830646515, -1.6656280755996704, 0.27090442180633545, -0.004622904118150473, 0.9625951647758484, -0.40140119194984436, 0.11720722168684006, 0.9927065372467041, -0.028218254446983337, 2.0806901454925537, 0.0, 0.0, 0.0, 1.0],
      [-0.5476836562156677, 0.031381867825984955, -0.836100161075592, -1.801689624786377, 0.8355466723442078, 0.07284964621067047, -0.544579029083252, -0.4118530750274658, 0.04381942003965378, -0.9968489408493042, -0.0661160796880722, 1.155153512954712, 0.0, 0.0, 0.0, 1.0],
      [-0.4833018481731415, 0.6010796427726746, -0.6364967226982117, -1.9142550230026245, 0.8185304999351501, 0.568153977394104, -0.08497306704521179, -0.10012359917163849, 0.3105497658252716, -0.5620570182800293, -0.7665833830833435, 0.2924381494522095, 0.0, 0.0, 0.0, 1.0],
      [-0.35938313603401184, 0.11958721280097961, -0.9254988431930542, -1.0589181184768677, 0.8569819927215576, 0.4348517954349518, -0.27658143639564514, 0.7083600759506226, 0.3693755269050598, -0.89252769947052, -0.25875744223594666, -0.5073695182800293, 0.0, 0.0, 0.0, 1.0],
      [0.035652339458465576, 0.786223828792572, -0.616917073726654, -1.6553330421447754, 0.7934902906417847, -0.39755725860595703, -0.46079587936401367, -0.5829795002937317, -0.6075443625450134, -0.4730863869190216, -0.6380268931388855, 0.4329920709133148, 0.0, 0.0, 0.0, 1.0],
      [-0.1465815305709839, 0.17694514989852905, -0.9732471704483032, -0.5365358591079712, 0.6904472708702087, -0.6862698793411255, -0.22875237464904785, -1.1487038135528564, -0.7083811163902283, -0.7054998278617859, -0.021573781967163086, -0.24021032452583313, 0.0, 0.0, 0.0, 1.0],
      [-0.4174731969833374, -0.22585801780223846, 0.8801729083061218, -0.3661487102508545, 0.9043052792549133, -0.008231845684349537, 0.4268070459365845, -0.33659234642982483, -0.08915229141712189, 0.9741254448890686, 0.20768116414546967, -0.904364824295044, 0.0, 0.0, 0.0, 1.0]
    ]
  },
  "neutral": { 
    "0.0": [
      [-0.010643751360476017, 0.06740375608205795, 0.9976690411567688, 0.17896857857704163, 0.9960901141166687, -0.08679042756557465, 0.016490576788783073, -0.27129897475242615, 0.08769970387220383, 0.9939437508583069, -0.06621643155813217, 1.1057713031768799, 0.0, 0.0, 0.0, 1.0],
      [-0.8783168196678162, 0.11875392496585846, 0.46309512853622437, 0.1867140382528305, 0.4579189419746399, -0.06935423612594604, 0.8862845301628113, -0.28127211332321167, 0.137367382645607, 0.9904986619949341, 0.006535381078720093, 1.219986081123352, 0.0, 0.0, 0.0, 1.0],
      [-0.8752471804618835, -0.13270558416843414, -0.46434125304222107, -0.5959727764129639, 0.4578036963939667, 0.07662872970104218, -0.8856338858604431, 0.12152847647666931, 0.1530311554670334, -0.9881888031959534, -0.006319020874798298, 2.072918176651001, 0.0, 0.0, 0.0, 1.0],
      [-0.8484010100364685, 0.13673454523086548, -0.5106865167617798, -0.7016186714172363, 0.5261635780334473, 0.3091433048248291, -0.7920770049095154, 0.18253201246261597, 0.04944441467523575, -0.9411260485649109, -0.3343839943408966, 1.2862286567687988, 0.0, 0.0, 0.0, 1.0],
      [-0.8757445812225342, -0.13270553946495056, -0.46339869499206543, 1.1441233158111572, 0.45684996247291565, 0.07662878930568695, -0.8861262798309326, -0.7859395742416382, 0.15302394330501556, -0.9881887435913086, -0.006483856588602066, 1.8007524013519287, 0.0, 0.0, 0.0, 1.0],
      [-0.845892608165741, 0.3638337254524231, -0.3890610337257385, 1.0384774208068848, 0.5322337746620178, 0.5548242926597595, -0.6392971873283386, -0.7249359488487244, -0.016894172877073288, -0.7481727004051208, -0.6632702946662903, 1.0140626430511475, 0.0, 0.0, 0.0, 1.0],
      [-0.8783155083656311, 0.11875401437282562, 0.46309763193130493, 0.30848056077957153, 0.45792150497436523, -0.06935403496026993, 0.8862832188606262, -0.3523857593536377, 0.137367382645607, 0.9904986619949341, 0.0065347724594175816, 2.235611915588379, 0.0, 0.0, 0.0, 1.0],
      [-0.337310791015625, -0.13018099963665009, -0.9323486685752869, 0.19312453269958496, 0.9269527196884155, 0.1269197016954422, -0.3530801236629486, -0.294705331325531, 0.16429872810840607, -0.9833332896232605, 0.07786211371421814, 1.313236117362976, 0.0, 0.0, 0.0, 1.0],
      [-0.29184460639953613, 0.32399916648864746, -0.8999171257019043, -0.004443586338311434, 0.8160991072654724, 0.5750450491905212, -0.05762755870819092, 0.08252407610416412, 0.4988199472427368, -0.7512348294258118, -0.4322335124015808, 0.5370650291442871, 0.0, 0.0, 0.0, 1.0],
      [-0.14711982011795044, -0.35195595026016235, -0.9243821501731873, 0.45660752058029175, 0.9000743627548218, 0.33990278840065, -0.27266818284988403, 0.9008136987686157, 0.4101659059524536, -0.8721197843551636, 0.26678070425987244, -0.5319428443908691, 0.0, 0.0, 0.0, 1.0],
      [-0.21958623826503754, 0.21754693984985352, -0.9510284066200256, 0.17362016439437866, 0.7946361899375916, -0.5256636142730713, -0.30372145771980286, -0.44261178374290466, -0.5659889578819275, -0.822409987449646, -0.057439208030700684, 0.5295877456665039, 0.0, 0.0, 0.0, 1.0],
      [-0.3646259009838104, -0.35338085889816284, -0.8614927530288696, 0.4831896722316742, 0.7718998193740845, -0.6321746706962585, -0.06739036738872528, -1.190631628036499, -0.5207934975624084, -0.6895531415939331, 0.5032808184623718, -0.640702486038208, 0.0, 0.0, 0.0, 1.0],
      [-0.07175132632255554, 0.01050790399312973, 0.997367262840271, 0.23385769128799438, 0.9974202513694763, 0.002904923865571618, 0.07172452658414841, -0.9698882102966309, -0.0021435513626784086, 0.9999405741691589, -0.010689225047826767, -1.0706700086593628, 0.0, 0.0, 0.0, 1.0]
    ]
  },
  "right": { 
    "0.0": [
      [0.5209060907363892, 0.27382364869117737, 0.8085033297538757, 2.128349781036377, 0.8535127639770508, -0.181666761636734, -0.4883781373500824, -0.15903973579406738, 0.013148711062967777, 0.9444669485092163, -0.32834333181381226, 1.2613550424575806, 0.0, 0.0, 0.0, 1.0],
      [-0.7621803283691406, 0.10380533337593079, 0.6389881372451782, 2.1598150730133057, 0.6348013281822205, -0.07367456704378128, 0.7691550254821777, -0.17991520464420319, 0.12691958248615265, 0.9918652176856995, -0.009742453694343567, 1.3698843717575073, 0.0, 0.0, 0.0, 1.0],
      [-0.759167492389679, -0.11591178178787231, -0.6400692462921143, 1.4811921119689941, 0.634345293045044, 0.08376120775938034, -0.7682530283927917, 0.3946923017501831, 0.14258815348148346, -0.9897212982177734, 0.009943967685103416, 2.213470458984375, 0.0, 0.0, 0.0, 1.0],
      [-0.7145774960517883, 0.3424737751483917, -0.609549343585968, 1.3889156579971313, 0.6946247816085815, 0.2517772912979126, -0.6735928058624268, 0.4613739550113678, -0.07739083468914032, -0.9051339626312256, -0.4179975986480713, 1.4255609512329102, 0.0, 0.0, 0.0, 1.0],
      [-0.7598541378974915, -0.11591172218322754, -0.6392515301704407, 2.9911489486694336, 0.633517324924469, 0.08376125246286392, -0.7689355611801147, -0.8632047176361084, 0.1425984650850296, -0.9897212386131287, 0.00979036744683981, 1.9620084762573242, 0.0, 0.0, 0.0, 1.0],
      [-0.7493937611579895, 0.31536078453063965, -0.5817328095436096, 2.8988723754882812, 0.6613198518753052, 0.3413206934928894, -0.6676662564277649, -0.7965229749679565, -0.012144003994762897, -0.8854514956474304, -0.464549720287323, 1.1740986108779907, 0.0, 0.0, 0.0, 1.0],
      [-0.7621784806251526, 0.10380546003580093, 0.6389902830123901, 2.266253709793091, 0.6348035335540771, -0.07367439568042755, 0.7691532373428345, -0.2554587721824646, 0.12691953778266907, 0.9918652176856995, -0.009743032976984978, 2.386911392211914, 0.0, 0.0, 0.0, 1.0],
      [-0.08388790488243103, -0.23407159745693207, -0.9685950875282288, 2.1828858852386475, 0.9606065154075623, 0.23946675658226013, -0.14107376337051392, -0.20154184103012085, 0.26496759057044983, -0.9422667622566223, 0.20476290583610535, 1.4588627815246582, 0.0, 0.0, 0.0, 1.0],
      [-0.04634304344654083, 0.05203723907470703, -0.9975708723068237, 1.9725459814071655, 0.7376696467399597, 0.6751692295074463, 0.0009426474571228027, 0.2704627513885498, 0.6735754013061523, -0.7358289957046509, -0.06967322528362274, 0.7878991365432739, 0.0, 0.0, 0.0, 1.0],
      [0.02216184139251709, -0.7229481935501099, -0.6905490756034851, 2.0465950965881348, 0.8840038180351257, 0.3367857336997986, -0.32422783970832825, 1.2312291860580444, 0.46696534752845764, -0.6032570600509644, 0.6465499997138977, -0.2591862678527832, 0.0, 0.0, 0.0, 1.0],
      [-0.3411732316017151, -0.4358897805213928, -0.8328289985656738, 2.018322229385376, 0.9007109999656677, -0.40507808327674866, -0.15697917342185974, -0.2641603946685791, -0.26893162727355957, -0.8036902546882629, 0.5308108329772949, 0.6383181214332581, 0.0, 0.0, 0.0, 1.0],
      [-0.3596075773239136, -0.7832264304161072, -0.5071903467178345, 1.3980506658554077, 0.9155375957489014, -0.40115031599998474, -0.029674097895622253, -0.8405869007110596, -0.18021492660045624, -0.47501900792121887, 0.8613258004188538, -0.5053338408470154, 0.0, 0.0, 0.0, 1.0],
      [0.3066183924674988, 0.21023781597614288, 0.9283239841461182, 0.6401658058166504, 0.9516552686691284, -0.08653420209884644, -0.2947271764278412, -0.44291961193084717, 0.018369007855653763, 0.9738130569458008, -0.22660700976848602, -0.6340044736862183, 0.0, 0.0, 0.0, 1.0]
    ]
  },
  "right.001": { 
    "0.0": [
      [0.5208860039710999, 0.27377721667289734, 0.8085319399833679, 2.81727933883667, 0.8534142374992371, -0.14590975642204285, -0.5003942847251892, -0.15905794501304626, -0.019023815169930458, 0.9506610035896301, -0.30964773893356323, 0.1365135908126831, 0.0, 0.0, 0.0, 1.0],
      [-0.7622014880180359, 0.10375390946865082, 0.6389711499214172, 2.8487393856048584, 0.6391176581382751, -0.03621095418930054, 0.7682560086250305, -0.17582455277442932, 0.10284735262393951, 0.9939436316490173, -0.038710884749889374, 0.2457546591758728, 0.0, 0.0, 0.0, 1.0],
      [-0.7591895461082458, -0.1158607080578804, -0.6400522589683533, 2.170058250427246, 0.6392529606819153, 0.0463709719479084, -0.7673470973968506, 0.4301736056804657, 0.11852212995290756, -0.9921823740005493, 0.0388781763613224, 1.067033290863037, 0.0, 0.0, 0.0, 1.0],
      [-0.7145891189575195, 0.3425164520740509, -0.6095115542411804, 2.07782244682312, 0.6911940574645996, 0.21746908128261566, -0.6888934969902039, 0.4670891761779785, -0.10357148200273514, -0.9139678478240967, -0.3923274576663971, 0.2771645188331604, 0.0, 0.0, 0.0, 1.0],
      [-0.7598761320114136, -0.11586064845323563, -0.6392346024513245, 3.6800570487976074, 0.6384260058403015, 0.04637102037668228, -0.7680349349975586, -0.8362751007080078, 0.11856362223625183, -0.9921823143959045, 0.03875047340989113, 0.8632717728614807, 0.0, 0.0, 0.0, 1.0],
      [-0.7494080662727356, 0.3154004216194153, -0.5816927552223206, 3.5878212451934814, 0.6603728532791138, 0.30769041180610657, -0.6847262382507324, -0.7993594408035278, -0.03711675852537155, -0.8976778984069824, -0.439068466424942, 0.07340270280838013, 0.0, 0.0, 0.0, 1.0],
      [-0.7621996402740479, 0.10375403612852097, 0.6389732956886292, 2.955125331878662, 0.6391198635101318, -0.03621078282594681, 0.7682541608810425, -0.21295411884784698, 0.10284722596406937, 0.9939436316490173, -0.03871139511466026, 1.2649130821228027, 0.0, 0.0, 0.0, 1.0],
      [0.5192395448684692, -0.2758377194404602, -0.8088924288749695, 2.8718059062957764, 0.8543398380279541, 0.14253070950508118, 0.4997994005680084, -0.19407936930656433, -0.022571692243218422, -0.9505782127380371, 0.3096672594547272, 0.33548662066459656, 0.0, 0.0, 0.0, 1.0],
      [0.39833900332450867, -0.5405329465866089, -0.7410486340522766, 2.805124521255493, 0.906002402305603, 0.10574627667665482, 0.4098638892173767, 0.1695937216281891, -0.1431809663772583, -0.834650456905365, 0.5318459868431091, -0.4264318645000458, 0.0, 0.0, 0.0, 1.0],
      [0.2870006263256073, -0.9578897953033447, 0.008985161781311035, 2.0359456539154053, 0.8796876668930054, 0.26725172996520996, 0.39336639642715454, 0.3200707733631134, -0.3792005181312561, -0.10498929023742676, 0.9193403124809265, -1.614140272140503, 0.0, 0.0, 0.0, 1.0],
      [0.6084719896316528, -0.0058317407965660095, -0.7935559749603271, 2.5149197578430176, 0.6065723299980164, 0.6482139229774475, 0.46032580733299255, -0.3057610094547272, 0.5117056369781494, -0.7614392638206482, 0.3979572355747223, -0.41581568121910095, 0.0, 0.0, 0.0, 1.0],
      [0.6075278520584106, -0.12400892376899719, -0.7845603227615356, 2.5066211223602295, 0.6056525111198425, 0.711391806602478, 0.35653600096702576, 0.6166479587554932, 0.5139122605323792, -0.6917715072631836, 0.5072956085205078, -1.4993444681167603, 0.0, 0.0, 0.0, 1.0],
      [0.46943068504333496, 0.07187861204147339, 0.880038857460022, 1.4122021198272705, 0.8828035593032837, -0.01889824867248535, -0.46936196088790894, -1.1112494468688965, -0.017105862498283386, 0.9972343444824219, -0.07232615351676941, -2.601867437362671, 0.0, 0.0, 0.0, 1.0]
    ]
  },
  "root": { 
    "0.0": [
      [0.9999845623970032, 0.005339173600077629, 0.001570925465784967, -0.0629928782582283, 0.0015149430837482214, 0.010473284870386124, -0.9999440312385559, 0.07724583894014359, -0.0053553273901343346, 0.9999309182167053, 0.010464982129633427, 1.463300108909607, 0.0, 0.0, 0.0, 1.0],
      [0.9999845623970032, 0.005339161492884159, 0.0015717863570898771, -0.062379349023103714, 0.0015158038586378098, 0.010473305359482765, -0.9999440312385559, 0.07844927906990051, -0.005355324130505323, 0.9999309182167053, 0.010464997962117195, 1.5782028436660767, 0.0, 0.0, 0.0, 1.0],
      [0.9994744062423706, 0.010563679970800877, -0.00014952640049159527, 0.9305328726768494, 0.0002596324775367975, -0.010449296794831753, 0.9999454021453857, 0.08741891384124756, 0.010549107566475868, -0.9998894929885864, -0.010451409965753555, 2.296802282333374, 0.0, 0.0, 0.0, 1.0],
      [0.9995091557502747, -0.005339351017028093, -0.0036927852779626846, 0.938942551612854, 0.003638019086793065, -0.01047311257570982, 0.9999386072158813, 0.07910031080245972, -0.005397619679570198, -0.9999305605888367, -0.01045334991067648, 1.500797986984253, 0.0, 0.0, 0.0, 1.0],
      [0.8870750665664673, -0.4593350291252136, 0.034149426966905594, -1.0507261753082275, -0.01347576454281807, 0.04823058471083641, 0.9987454414367676, 0.08463926613330841, -0.4606383144855499, -0.8868321776390076, 0.036610934883356094, 2.307410478591919, 0.0, 0.0, 0.0, 1.0],
      [0.8797354698181152, -0.4733901917934418, 0.03200216218829155, -1.4163994789123535, -0.010270871222019196, 0.04843507334589958, 0.9987736344337463, 0.12303528189659119, -0.4745986759662628, -0.8793912529945374, 0.03776518628001213, 1.601409912109375, 0.0, 0.0, 0.0, 1.0],
      [0.9999845623970032, 0.005339173134416342, 0.0015689096180722117, -0.05690474063158035, 0.0015129282837733626, 0.010473089292645454, -0.9999440312385559, 0.08918827772140503, -0.005355305038392544, 0.9999309182167053, 0.010464797727763653, 2.6035003662109375, 0.0, 0.0, 0.0, 1.0],
      [0.9999621510505676, -0.009297661483287811, -0.0022666477598249912, -0.06714680790901184, 0.0021692421287298203, -0.010478421114385128, 0.9999428391456604, 0.07942941784858704, -0.009320982731878757, -0.999902069568634, -0.010454596020281315, 1.672507882118225, 0.0, 0.0, 0.0, 1.0],
      [0.9999775290489197, -0.007610202766954899, -0.0016830475069582462, 0.21872571110725403, 0.0016033288557082415, -0.010476293042302132, 0.9999439120292664, 0.07150360196828842, -0.007627525366842747, -0.9999164342880249, -0.010460596531629562, 0.8753638863563538, 0.0, 0.0, 0.0, 1.0],
      [0.9999915361404419, -0.005339174531400204, -0.002069348469376564, 0.2078963816165924, 0.0020133957732468843, -0.010473281145095825, 0.999943196773529, 0.056595828384160995, -0.005360676907002926, -0.999931275844574, -0.010459181852638721, -0.5475180745124817, 0.0, 0.0, 0.0, 1.0],
      [0.9999786019325256, -0.0076101613231003284, -0.0008660128805786371, -0.33830586075782776, 0.0007863225182518363, -0.010476267896592617, 0.9999449253082275, 0.07072202116250992, -0.007618933916091919, -0.9999164342880249, -0.010466800071299076, 0.87834632396698, 0.0, 0.0, 0.0, 1.0],
      [0.9999915957450867, -0.005339194554835558, -0.002069376176223159, -0.3491351306438446, 0.002013423712924123, -0.010473281145095825, 0.9999432563781738, 0.05581428110599518, -0.00536069693043828, -0.9999312162399292, -0.010459180921316147, -0.5445356369018555, 0.0, 0.0, 0.0, 1.0],
      [0.9999845623970032, 0.005339126102626324, 0.001570979249663651, -0.08156463503837585, 0.0015149983810260892, 0.010473071597516537, -0.9999440312385559, 0.04081563651561737, -0.005355279892683029, 0.9999309182167053, 0.01046476885676384, -2.014866828918457, 0.0, 0.0, 0.0, 1.0]
    ]
  },
  "spread": { 
    "0.0": [
      [0.9999845623970032, 0.005339173600077629, 0.001570925465784967, -0.0629928782582283, 0.0015149430837482214, 0.010473284870386124, -0.9999440312385559, 0.07724583894014359, -0.0053553273901343346, 0.9999309182167053, 0.010464982129633427, 1.463300108909607, 0.0, 0.0, 0.0, 1.0],
      [0.9999845623970032, 0.005339161492884159, 0.0015717863570898771, -0.062379349023103714, 0.0015158038586378098, 0.010473305359482765, -0.9999440312385559, 0.07844927906990051, -0.005355324130505323, 0.9999309182167053, 0.010464997962117195, 1.5782028436660767, 0.0, 0.0, 0.0, 1.0],
      [0.4338432252407074, 0.9004275798797607, 0.008428320288658142, 0.9305328726768494, 0.0009290222078561783, -0.009807971306145191, 0.9999514818191528, 0.08741891384124756, 0.900881826877594, -0.4340337812900543, -0.005094136111438274, 2.296802282333374, 0.0, 0.0, 0.0, 1.0],
      [0.44814130663871765, 0.8934109807014465, 0.006858533248305321, 1.647356390953064, 0.004317544866353273, -0.009842518717050552, 0.9999423027038574, 0.07961086183786392, 0.8938385844230652, -0.44831180572509766, -0.008272143080830574, 1.9512712955474854, 0.0, 0.0, 0.0, 1.0],
      [0.5654562711715698, -0.8241550326347351, -0.009206394664943218, -1.0507261753082275, 6.849225610494614e-05, -0.011121295392513275, 0.9999382495880127, 0.08463926613330841, -0.824604868888855, -0.5656741261482239, -0.006234913598746061, 2.307410478591919, 0.0, 0.0, 0.0, 1.0],
      [0.5522484183311462, -0.8330469131469727, -0.010556458495557308, -1.7068300247192383, 0.0023302643094211817, -0.01112478319555521, 0.999935507774353, 0.07578568160533905, -0.8335130214691162, -0.5524831414222717, -0.0042041996493935585, 1.857081413269043, 0.0, 0.0, 0.0, 1.0],
      [0.9999845623970032, 0.005339173134416342, 0.0015689096180722117, -0.05690474063158035, 0.0015129282837733626, 0.010473089292645454, -0.9999440312385559, 0.08918827772140503, -0.005355305038392544, 0.9999309182167053, 0.010464797727763653, 2.6035003662109375, 0.0, 0.0, 0.0, 1.0],
      [0.9999621510505676, -0.009297661483287811, -0.0022666477598249912, -0.06714680790901184, 0.0021692421287298203, -0.010478421114385128, 0.9999428391456604, 0.07942941784858704, -0.009320982731878757, -0.999902069568634, -0.010454596020281315, 1.672507882118225, 0.0, 0.0, 0.0, 1.0],
      [0.844926118850708, 0.5348862409591675, 0.0035078953951597214, 0.21872571110725403, 0.0018351823091506958, -0.009456702508032322, 0.9999536871910095, 0.07150360196828842, 0.534890353679657, -0.8448742032051086, -0.00896858237683773, 0.8753638863563538, 0.0, 0.0, 0.0, 1.0],
      [0.8437105417251587, 0.5368037819862366, 0.003182321786880493, 0.9798693656921387, 0.002242936985567212, -0.009453167207539082, 0.9999529123306274, 0.05804670602083206, 0.53680419921875, -0.843657374382019, -0.009176503866910934, -0.3268929123878479, 0.0, 0.0, 0.0, 1.0],
      [0.6817654967308044, -0.7315400242805481, -0.007797825615853071, -0.33830586075782776, -0.00011814991012215614, -0.010769050568342209, 0.9999421238899231, 0.07072202116250992, -0.731576144695282, -0.6817197799682617, -0.007425162009894848, 0.87834632396698, 0.0, 0.0, 0.0, 1.0],
      [0.6834152340888977, -0.7299898862838745, -0.008619381114840508, -1.3792879581451416, 0.0011096157832071185, -0.01076811645179987, 0.9999415278434753, 0.055397652089595795, -0.7300345301628113, -0.6833794713020325, -0.00654585612937808, -0.09174156188964844, 0.0, 0.0, 0.0, 1.0],
      [0.9999845623970032, 0.005339126102626324, 0.001570979249663651, -0.08156463503837585, 0.0015149983810260892, 0.010473071597516537, -0.9999440312385559, 0.04081563651561737, -0.005355279892683029, 0.9999309182167053, 0.01046476885676384, -2.014866828918457, 0.0, 0.0, 0.0, 1.0]
    ]
  },
  "wave": { 
    "0.0": [
      [0.9999845623970032, 0.005339173600077629, 0.001570925465784967, -0.0629928782582283, 0.0015149430837482214, 0.010473284870386124, -0.9999440312385559, 0.07724583894014359, -0.0053553273901343346, 0.9999309182167053, 0.010464982129633427, 1.463300108909607, 0.0, 0.0, 0.0, 1.0],
      [0.9999845623970032, 0.005339161492884159, 0.0015717863570898771, -0.062379349023103714, 0.0015158038586378098, 0.010473305359482765, -0.9999440312385559, 0.07844927906990051, -0.005355324130505323, 0.9999309182167053, 0.010464997962117195, 1.5782028436660767, 0.0, 0.0, 0.0, 1.0],
      [0.4338432252407074, 0.9004275798797607, 0.008428320288658142, 0.9305328726768494, 0.0009290222078561783, -0.009807971306145191, 0.9999514818191528, 0.08741891384124756, 0.900881826877594, -0.4340337812900543, -0.005094136111438274, 2.296802282333374, 0.0, 0.0, 0.0, 1.0],
      [0.44814130663871765, 0.8934109807014465, 0.006858533248305321, 1.647356390953064, 0.004317544866353273, -0.009842518717050552, 0.9999423027038574, 0.07961086183786392, 0.8938385844230652, -0.44831180572509766, -0.008272143080830574, 1.9512712955474854, 0.0, 0.0, 0.0, 1.0],
      [0.5654562711715698, -0.8241550326347351, -0.009206394664943218, -1.0507261753082275, 6.849225610494614e-05, -0.011121295392513275, 0.9999382495880127, 0.08463926613330841, -0.824604868888855, -0.5656741261482239, -0.006234913598746061, 2.307410478591919, 0.0, 0.0, 0.0, 1.0],
      [0.5522484183311462, -0.8330469131469727, -0.010556458495557308, -1.7068300247192383, 0.0023302643094211817, -0.01112478319555521, 0.999935507774353, 0.07578568160533905, -0.8335130214691162, -0.5524831414222717, -0.0042041996493935585, 1.857081413269043, 0.0, 0.0, 0.0, 1.0],
      [0.9999845623970032, 0.005339173134416342, 0.0015689096180722117, -0.05690474063158035, 0.0015129282837733626, 0.010473089292645454, -0.9999440312385559, 0.08918827772140503, -0.005355305038392544, 0.9999309182167053, 0.010464797727763653, 2.6035003662109375, 0.0, 0.0, 0.0, 1.0],
      [0.9999621510505676, -0.009297661483287811, -0.0022666477598249912, -0.06714680790901184, 0.0021692421287298203, -0.010478421114385128, 0.9999428391456604, 0.07942941784858704, -0.009320982731878757, -0.999902069568634, -0.010454596020281315, 1.672507882118225, 0.0, 0.0, 0.0, 1.0],
      [0.9999775290489197, -0.007610202766954899, -0.0016830475069582462, 0.21872571110725403, 0.0016033288557082415, -0.010476293042302132, 0.9999439120292664, 0.07150360196828842, -0.007627525366842747, -0.9999164342880249, -0.010460596531629562, 0.8753638863563538, 0.0, 0.0, 0.0, 1.0],
      [0.9999915361404419, -0.005339174531400204, -0.002069348469376564, 0.2078963816165924, 0.0020133957732468843, -0.010473281145095825, 0.999943196773529, 0.056595828384160995, -0.005360676907002926, -0.999931275844574, -0.010459181852638721, -0.5475180745124817, 0.0, 0.0, 0.0, 1.0],
      [0.9999786019325256, -0.0076101613231003284, -0.0008660128805786371, -0.33830586075782776, 0.0007863225182518363, -0.010476267896592617, 0.9999449253082275, 0.07072202116250992, -0.007618933916091919, -0.9999164342880249, -0.010466800071299076, 0.87834632396698, 0.0, 0.0, 0.0, 1.0],
      [0.9999915957450867, -0.005339194554835558, -0.002069376176223159, -0.3491351306438446, 0.002013423712924123, -0.010473281145095825, 0.9999432563781738, 0.05581428110599518, -0.00536069693043828, -0.9999312162399292, -0.010459180921316147, -0.5445356369018555, 0.0, 0.0, 0.0, 1.0],
      [0.9999845623970032, 0.005339126102626324, 0.001570979249663651, -0.08156463503837585, 0.0015149983810260892, 0.010473071597516537, -0.9999440312385559, 0.04081563651561737, -0.005355279892683029, 0.9999309182167053, 0.01046476885676384, -2.014866828918457, 0.0, 0.0, 0.0, 1.0]
    ]
  }  },
"inverseBindPoses": [
[0.9999844431877136, 0.0015149423852562904, -0.005355326924473047, 0.0716416984796524, 0.005339173134416342, 0.010473232716321945, 0.9999308586120605, -1.6373872756958008, 0.001570926047861576, -0.9999439716339111, 0.01046503335237503, 0.060208916664123535, -0.0, 0.0, -0.0, 1.0],
[0.9999844431877136, 0.0015158031601458788, -0.005355323664844036, 0.07164162397384644, 0.005339161027222872, 0.010473253205418587, 0.9999308586120605, -1.7522978782653809, 0.0015717869391664863, -0.9999439716339111, 0.010465049184858799, 0.060208890587091446, -0.0, 0.0, -0.0, 1.0],
[1.0004143714904785, 0.000260037457337603, 0.01056650746613741, -0.9570460319519043, 0.010556207969784737, -0.010449251160025597, -0.9998898506164551, 2.461348533630371, -0.0001494432653998956, 0.9999454617500305, -0.010451460257172585, -0.06145443022251129, -0.0, 0.0, -0.0, 1.0],
[1.0004488229751587, 0.0036384244449436665, -0.005380226299166679, -0.9306424260139465, -0.005361778195947409, -0.010473072528839111, -0.9999310970306396, 1.6802732944488525, -0.003696033265441656, 0.9999385476112366, -0.010453459806740284, -0.058120496571063995, -0.0, 0.0, 0.0, 1.0],
[1.000415325164795, 0.0013366308994591236, 0.010555259883403778, 1.0248605012893677, 0.010556169785559177, -0.010449327528476715, -0.9998897910118103, 2.4928412437438965, -0.0012255216715857387, 0.9999444484710693, -0.010462889447808266, -0.05996237322688103, -0.0, 0.0, -0.0, 1.0],
[1.0004507303237915, 0.0036089445929974318, -0.005379665642976761, 1.0515763759613037, -0.00536159984767437, -0.010473079048097134, -0.9999313354492188, 1.6802287101745605, -0.003665521275252104, 0.9999385476112366, -0.010453606024384499, -0.0625208243727684, -0.0, 0.0, 0.0, 1.0],
[0.9999844431877136, 0.0015129275852814317, -0.005355305038392544, 0.07164182513952255, 0.005339172203093767, 0.01047303806990385, 0.9999308586120605, -2.7776663303375244, 0.001568910083733499, -0.9999439716339111, 0.010464848950505257, 0.06020928546786308, -0.0, 0.0, -0.0, 1.0],
[0.9999462366104126, 0.002169204642996192, -0.009320803917944431, 0.08417930454015732, -0.009297695010900497, -0.010475240647792816, -0.9999016523361206, 1.846261978149414, -0.0022666803561151028, 0.9999426603317261, -0.010457769967615604, -0.0602695569396019, -0.0, 0.0, 0.0, 1.0],
[0.9999617338180542, 0.0016032864805310965, -0.007627345155924559, -0.2108302116394043, -0.007610263302922249, -0.010473113507032394, -0.9999158978462219, 1.0514166355133057, -0.0016830891836434603, 0.9999437928199768, -0.010463770478963852, -0.06015399470925331, -0.0, 0.0, 0.0, 1.0],
[0.9999756813049316, 0.0020133459474891424, -0.005360499490052462, -0.21000897884368896, -0.005339269060641527, -0.010470098815858364, -0.9999305605888367, -0.3720618188381195, -0.002069384092465043, 0.9999430775642395, -0.010462354868650436, -0.0600731186568737, -0.0, 0.0, 0.0, 1.0],
[0.9999628067016602, 0.0007862800266593695, -0.007618751842528582, 0.3462531566619873, -0.0076102218590676785, -0.010473089292645454, -0.9999159574508667, 1.0501518249511719, -0.0008660677121952176, 0.999944806098938, -0.010469974018633366, -0.05999593064188957, -0.0, 0.0, 0.0, 1.0],
[0.9999755620956421, 0.0020133734215050936, -0.005360519513487816, 0.3470264673233032, -0.005339289084076881, -0.01047009788453579, -0.9999305605888367, -0.3720618784427643, -0.002069411799311638, 0.99994295835495, -0.010462353937327862, -0.06041312590241432, -0.0, 0.0, 0.0, 1.0],
[0.9999844431877136, 0.00151499779894948, -0.005355279427021742, 0.0716417133808136, 0.005339125636965036, 0.010473019443452358, 0.9999308586120605, 1.841019868850708, 0.0015709797153249383, -0.9999439716339111, 0.010464820079505444, 0.060208674520254135, -0.0, 0.0, -0.0, 1.0]],
"jointNameIndices": {
"root": 0,"chest": 1,"arm.l": 2,"arm1.l": 3,"arm.r": 4,"arm1.r": 5,"head": 6,"hips": 7,"leg.l": 8,"leg1.l": 9,"leg.r": 10,"leg1.r": 11,"board": 12}
}