{
  "actions": {
  "ArmatureAction": { 
    "0.0": [
      [-0.009297394193708897, 0.06665600836277008, 0.9977326393127441, 0.15054571628570557, 0.9960267543792725, -0.08775816112756729, 0.015144399367272854, -0.23992919921875, 0.08856870234012604, 0.9939091801643372, -0.0655752420425415, 1.7327848672866821, 0.0, 0.0, 0.0, 1.0],
      [-0.8777579069137573, 0.11803282797336578, 0.46433746814727783, 0.16148792207241058, 0.4590340256690979, -0.0703912302851677, 0.8856258392333984, -0.2543354332447052, 0.13721822202205658, 0.9905116558074951, 0.00760541670024395, 1.895943284034729, 0.0, 0.0, 0.0, 1.0],
      [-0.8753068447113037, -0.13197581470012665, -0.4645031690597534, -0.9565918445587158, 0.45782777667045593, 0.07768341153860092, -0.885539174079895, 0.3215969502925873, 0.15288151800632477, -0.9882041215896606, -0.007577934768050909, 3.11422061920166, 0.0, 0.0, 0.0, 1.0],
      [-0.8465474247932434, 0.13830220699310303, -0.5133936405181885, -1.106684684753418, 0.5292224287986755, 0.30922114849090576, -0.790016770362854, 0.4099443554878235, 0.04937548190355301, -0.9408718943595886, -0.3351115882396698, 1.9903607368469238, 0.0, 0.0, 0.0, 1.0],
      [-0.8761293292045593, -0.13197584450244904, -0.46450337767601013, 1.5276774168014526, 0.45825791358947754, 0.0776834785938263, -0.8855391144752502, -0.9779419898986816, 0.1530403345823288, -0.9882044196128845, -0.007577946409583092, 2.725834369659424, 0.0, 0.0, 0.0, 1.0],
      [-0.8448110222816467, 0.36632490158081055, -0.39100390672683716, 1.3775845766067505, 0.5357217788696289, 0.5538991689682007, -0.6375048756599426, -0.8895944952964783, -0.01678706705570221, -0.747688353061676, -0.663857638835907, 1.6019738912582397, 0.0, 0.0, 0.0, 1.0],
      [-0.8777565956115723, 0.11803291738033295, 0.4643399715423584, 0.3343837857246399, 0.45903658866882324, -0.07039104402065277, 0.8856245279312134, -0.3574453294277191, 0.13721822202205658, 0.9905116558074951, 0.0076048183254897594, 3.3468565940856934, 0.0, 0.0, 0.0, 1.0],
      [-0.33537235856056213, -0.1293480545282364, -0.9331632852554321, 0.1705349087715149, 0.9275535345077515, 0.12801606953144073, -0.35110101103782654, -0.27365562319755554, 0.16487517952919006, -0.9833007454872131, 0.07704614847898483, 2.029146432876587, 0.0, 0.0, 0.0, 1.0],
      [-0.29083526134490967, 0.3254116177558899, -0.8997340202331543, -0.11217576265335083, 0.8161234259605408, 0.5751932859420776, -0.05577537417411804, 0.2647424340248108, 0.4993693232536316, -0.7505102157592773, -0.43285655975341797, 0.9391078948974609, 0.0, 0.0, 0.0, 1.0],
      [-0.1455557942390442, -0.35094618797302246, -0.9250131845474243, 0.5493401885032654, 0.8999333381652832, 0.34147581458091736, -0.2711639702320099, 1.4340293407440186, 0.4110322594642639, -0.8719117045402527, 0.26612505316734314, -0.586573600769043, 0.0, 0.0, 0.0, 1.0],
      [-0.21851295232772827, 0.21772471070289612, -0.9512346386909485, 0.14508485794067383, 0.7953858971595764, -0.5250144600868225, -0.3028808832168579, -0.4819554388523102, -0.5653507709503174, -0.8227773308753967, -0.05844965577125549, 0.8909710645675659, 0.0, 0.0, 0.0, 1.0],
      [-0.36250072717666626, -0.3535799980163574, -0.8623071908950806, 0.5876885652542114, 0.773223876953125, -0.630653440952301, -0.06645876169204712, -1.5492359399795532, -0.5203125476837158, -0.6908425092697144, 0.5020078420639038, -0.7816195487976074, 0.0, 0.0, 0.0, 1.0],
      [-0.07034644484519958, 0.009882692247629166, 0.9974736571311951, 0.10645425319671631, 0.9975218772888184, 0.0020119252149015665, 0.07032991200685501, -0.8058582544326782, -0.0013117424678057432, 0.9999490976333618, -0.009999722242355347, -1.9259004592895508, 0.0, 0.0, 0.0, 1.0]
    ]
  },
  "idle": { 
    "0.0": [
      [0.9999887943267822, 0.004724592436105013, 0.000157377275172621, -0.09115003049373627, 0.00011207420175196603, 0.009587527252733707, -0.999954104423523, 0.10864168405532837, -0.0047258841805160046, 0.9999428987503052, 0.009586833417415619, 2.090467929840088, 0.0, 0.0, 0.0, 1.0],
      [0.9999887943267822, 0.004724598024040461, 0.0001582247787155211, -0.09037444740533829, 0.00011292161798337474, 0.009587529115378857, -0.999954104423523, 0.11021548509597778, -0.0047258976846933365, 0.9999428987503052, 0.00958683155477047, 2.2546167373657227, 0.0, 0.0, 0.0, 1.0],
      [0.9995080232620239, 0.011178389191627502, 3.0772818718105555e-05, 1.3274418115615845, 7.621292024850845e-05, -0.009585960768163204, 0.9999541640281677, 0.12013095617294312, 0.011166541837155819, -0.999891459941864, -0.009586161002516747, 3.2820892333984375, 0.0, 0.0, 0.0, 1.0],
      [0.9995594024658203, -0.004724687896668911, -4.5011845941189677e-05, 1.340154767036438, -4.963440005667508e-07, -0.009587331674993038, 0.9999541640281677, 0.10922908037900925, -0.004743360448628664, -0.9999426007270813, -0.009587172418832779, 2.144937515258789, 0.0, 0.0, 0.0, 1.0],
      [1.000449299812317, 0.011178391054272652, 3.100158937741071e-05, -1.5029398202896118, 7.637377711944282e-05, -0.009586012922227383, 0.9999541640281677, 0.12013077735900879, 0.011192035861313343, -0.9998917579650879, -0.009586205706000328, 3.2954626083374023, 0.0, 0.0, 0.0, 1.0],
      [1.0005005598068237, -0.004724535159766674, -4.496920155361295e-05, -1.4902268648147583, -7.649941835552454e-08, -0.009587342850863934, 0.9999541640281677, 0.10922884196043015, -0.004702756647020578, -0.9999433159828186, -0.009587177075445652, 2.1583104133605957, 0.0, 0.0, 0.0, 1.0],
      [0.9999887943267822, 0.004724606405943632, 0.0001553436159156263, -0.08345380425453186, 0.00011004145198967308, 0.009587324224412441, -0.999954104423523, 0.12425941228866577, -0.004725878592580557, 0.9999428987503052, 0.009586639702320099, 3.7193448543548584, 0.0, 0.0, 0.0, 1.0],
      [0.999970018863678, -0.008683126419782639, -6.554686842719093e-05, -0.09726791083812714, -1.767202775226906e-05, -0.009587090462446213, 0.999954104423523, 0.11150693893432617, -0.008683455176651478, -0.9999161958694458, -0.009583610109984875, 2.3893351554870605, 0.0, 0.0, 0.0, 1.0],
      [0.9999832510948181, -0.006995632778853178, -5.621922900900245e-05, 0.3118215799331665, -1.0822443982760888e-05, -0.009587334468960762, 0.999954104423523, 0.10060971975326538, -0.006995962932705879, -0.9999294281005859, -0.009583903476595879, 1.2508057355880737, 0.0, 0.0, 0.0, 1.0],
      [0.9999966025352478, -0.004724635276943445, -4.535818879958242e-05, 0.2976004481315613, 8.918959792936221e-08, -0.009587506763637066, 0.999954104423523, 0.08112002164125443, -0.004724983125925064, -0.9999427795410156, -0.009584126994013786, -0.7819098234176636, 0.0, 0.0, 0.0, 1.0],
      [0.9999832510948181, -0.006995632778853178, -5.622032404062338e-05, -0.48394107818603516, -1.0821140676853247e-05, -0.009587305597960949, 0.999954104423523, 0.10060954093933105, -0.006995962932705879, -0.9999294877052307, -0.009583873674273491, 1.2545653581619263, 0.0, 0.0, 0.0, 1.0],
      [0.9999966025352478, -0.004724590107798576, -4.5356748159974813e-05, -0.4981622099876404, 8.82255335454829e-08, -0.009587499313056469, 0.999954104423523, 0.08111989498138428, -0.0047249384224414825, -0.9999428391456604, -0.009584118612110615, -0.7781506776809692, 0.0, 0.0, 0.0, 1.0],
      [0.9999887943267822, 0.004724573809653521, 0.00015740144590381533, -0.11462728679180145, 0.00011209971125936136, 0.009587281383574009, -0.999954104423523, 0.06100011616945267, -0.0047258660197257996, 0.9999428987503052, 0.00958658754825592, -2.8784008026123047, 0.0, 0.0, 0.0, 1.0]
    ]
  },
  "left": { 
    "0.0": [
      [-0.537280797958374, -0.1638566255569458, 0.8273332118988037, -1.7988924980163574, 0.8433572053909302, -0.11465515196323395, 0.5249789953231812, -0.34930774569511414, 0.008836770430207253, 0.9797985553741455, 0.19979169964790344, 1.5758781433105469, 0.0, 0.0, 0.0, 1.0],
      [-0.955136239528656, 0.11983611434698105, 0.27083954215049744, -1.8257908821105957, 0.27214330434799194, -0.005664557218551636, 0.9622401595115662, -0.36812928318977356, 0.1168452799320221, 0.9927775859832764, -0.027202174067497253, 1.736720085144043, 0.0, 0.0, 0.0, 1.0],
      [-0.9526500105857849, -0.13500967621803284, -0.2710198760032654, -3.051368236541748, 0.2720838785171509, 0.009993004612624645, -0.962188720703125, 0.010689705610275269, 0.13254933059215546, -0.9907938241958618, 0.027225809171795845, 2.9285497665405273, 0.0, 0.0, 0.0, 1.0],
      [-0.925553023815155, -0.05811409652233124, -0.3730897307395935, -3.204911470413208, 0.3503110110759735, 0.23594824969768524, -0.9063924551010132, 0.022054500877857208, 0.1406441628932953, -0.9700263142585754, -0.19811946153640747, 1.8017445802688599, 0.0, 0.0, 0.0, 1.0],
      [-0.953545331954956, -0.13500970602035522, -0.2710200846195221, -0.34802424907684326, 0.2723400592803955, 0.009993053041398525, -0.9621886610984802, -0.7598957419395447, 0.13268902897834778, -0.9907941222190857, 0.027225792407989502, 2.5978381633758545, 0.0, 0.0, 0.0, 1.0],
      [-0.9175031781196594, 0.34136632084846497, -0.20636166632175446, -0.5015674829483032, 0.3963095545768738, 0.7198977470397949, -0.5698789954185486, -0.7485308647155762, -0.04581465199589729, -0.6043702960014343, -0.7953981757164001, 1.4710325002670288, 0.0, 0.0, 0.0, 1.0],
      [-0.9551354646682739, 0.11983615905046463, 0.2708422541618347, -1.6502535343170166, 0.272146075963974, -0.005664357449859381, 0.9622393846511841, -0.3764267861843109, 0.11684519052505493, 0.9927775859832764, -0.02720271423459053, 3.1909523010253906, 0.0, 0.0, 0.0, 1.0],
      [-0.5458853840827942, 0.03208116441965103, -0.8372484445571899, -1.8438159227371216, 0.8366937041282654, 0.07378637790679932, -0.5426884889602661, -0.3899231553077698, 0.044367171823978424, -0.996757447719574, -0.06711749732494354, 1.8686230182647705, 0.0, 0.0, 0.0, 1.0],
      [-0.4821675717830658, 0.6023193597793579, -0.6361845135688782, -2.0131139755249023, 0.8189982175827026, 0.5677435994148254, -0.08319094777107239, 0.05309419333934784, 0.31107938289642334, -0.5611433982849121, -0.7670373916625977, 0.6723324060440063, 0.0, 0.0, 0.0, 1.0],
      [-0.35794711112976074, 0.12070134282112122, -0.9259103536605835, -0.7886835336685181, 0.8571836948394775, 0.4357285797595978, -0.2745695412158966, 1.207236886024475, 0.3703010082244873, -0.8919496536254883, -0.2594258785247803, -0.46839308738708496, 0.0, 0.0, 0.0, 1.0],
      [0.0366722047328949, 0.7862132787704468, -0.6168701648712158, -1.6246044635772705, 0.7940478920936584, -0.3977234959602356, -0.459690660238266, -0.6299431324005127, -0.6067545413970947, -0.47296378016471863, -0.6388684511184692, 0.8010311126708984, 0.0, 0.0, 0.0, 1.0],
      [-0.14483948051929474, 0.176802396774292, -0.9735335111618042, -0.026343464851379395, 0.6920057535171509, -0.685155987739563, -0.22737836837768555, -1.438459038734436, -0.7072176933288574, -0.7066172957420349, -0.0231076180934906, -0.1604377031326294, 0.0, 0.0, 0.0, 1.0],
      [-0.41614416241645813, -0.2264823466539383, 0.8806415796279907, -0.14912927150726318, 0.9049699902534485, -0.008769452571868896, 0.42538508772850037, -0.13176825642585754, -0.08861944079399109, 0.9739757776260376, 0.20860911905765533, -1.7383798360824585, 0.0, 0.0, 0.0, 1.0]
    ]
  },
  "neutral": { 
    "0.0": [
      [-0.009297394193708897, 0.06665600836277008, 0.9977326393127441, 0.15054571628570557, 0.9960267543792725, -0.08775816112756729, 0.015144399367272854, -0.23992919921875, 0.08856870234012604, 0.9939091801643372, -0.0655752420425415, 1.7327848672866821, 0.0, 0.0, 0.0, 1.0],
      [-0.8777579069137573, 0.11803282797336578, 0.46433746814727783, 0.16148792207241058, 0.4590340256690979, -0.0703912302851677, 0.8856258392333984, -0.2543354332447052, 0.13721822202205658, 0.9905116558074951, 0.00760541670024395, 1.895943284034729, 0.0, 0.0, 0.0, 1.0],
      [-0.8753068447113037, -0.13197581470012665, -0.4645031690597534, -0.9565918445587158, 0.45782777667045593, 0.07768341153860092, -0.885539174079895, 0.3215969502925873, 0.15288151800632477, -0.9882041215896606, -0.007577934768050909, 3.11422061920166, 0.0, 0.0, 0.0, 1.0],
      [-0.8465474247932434, 0.13830220699310303, -0.5133936405181885, -1.106684684753418, 0.5292224287986755, 0.30922114849090576, -0.790016770362854, 0.4099443554878235, 0.04937548190355301, -0.9408718943595886, -0.3351115882396698, 1.9903607368469238, 0.0, 0.0, 0.0, 1.0],
      [-0.8761293292045593, -0.13197584450244904, -0.46450337767601013, 1.5276774168014526, 0.45825791358947754, 0.0776834785938263, -0.8855391144752502, -0.9779419898986816, 0.1530403345823288, -0.9882044196128845, -0.007577946409583092, 2.725834369659424, 0.0, 0.0, 0.0, 1.0],
      [-0.8448110222816467, 0.36632490158081055, -0.39100390672683716, 1.3775845766067505, 0.5357217788696289, 0.5538991689682007, -0.6375048756599426, -0.8895944952964783, -0.01678706705570221, -0.747688353061676, -0.663857638835907, 1.6019738912582397, 0.0, 0.0, 0.0, 1.0],
      [-0.8777565956115723, 0.11803291738033295, 0.4643399715423584, 0.3343837857246399, 0.45903658866882324, -0.07039104402065277, 0.8856245279312134, -0.3574453294277191, 0.13721822202205658, 0.9905116558074951, 0.0076048183254897594, 3.3468565940856934, 0.0, 0.0, 0.0, 1.0],
      [-0.33537235856056213, -0.1293480545282364, -0.9331632852554321, 0.1705349087715149, 0.9275535345077515, 0.12801606953144073, -0.35110101103782654, -0.27365562319755554, 0.16487517952919006, -0.9833007454872131, 0.07704614847898483, 2.029146432876587, 0.0, 0.0, 0.0, 1.0],
      [-0.29083526134490967, 0.3254116177558899, -0.8997340202331543, -0.11217576265335083, 0.8161234259605408, 0.5751932859420776, -0.05577537417411804, 0.2647424340248108, 0.4993693232536316, -0.7505102157592773, -0.43285655975341797, 0.9391078948974609, 0.0, 0.0, 0.0, 1.0],
      [-0.1455557942390442, -0.35094618797302246, -0.9250131845474243, 0.5493401885032654, 0.8999333381652832, 0.34147581458091736, -0.2711639702320099, 1.4340293407440186, 0.4110322594642639, -0.8719117045402527, 0.26612505316734314, -0.586573600769043, 0.0, 0.0, 0.0, 1.0],
      [-0.21851295232772827, 0.21772471070289612, -0.9512346386909485, 0.14508485794067383, 0.7953858971595764, -0.5250144600868225, -0.3028808832168579, -0.4819554388523102, -0.5653507709503174, -0.8227773308753967, -0.05844965577125549, 0.8909710645675659, 0.0, 0.0, 0.0, 1.0],
      [-0.36250072717666626, -0.3535799980163574, -0.8623071908950806, 0.5876885652542114, 0.773223876953125, -0.630653440952301, -0.06645876169204712, -1.5492359399795532, -0.5203125476837158, -0.6908425092697144, 0.5020078420639038, -0.7816195487976074, 0.0, 0.0, 0.0, 1.0],
      [-0.07034644484519958, 0.009882692247629166, 0.9974736571311951, 0.10645425319671631, 0.9975218772888184, 0.0020119252149015665, 0.07032991200685501, -0.8058582544326782, -0.0013117424678057432, 0.9999490976333618, -0.009999722242355347, -1.9259004592895508, 0.0, 0.0, 0.0, 1.0]
    ]
  },
  "right": { 
    "0.0": [
      [0.5220980644226074, 0.27297329902648926, 0.8080217838287354, 2.0999841690063477, 0.8527669310569763, -0.18288147449493408, -0.48922714591026306, -0.13055072724819183, 0.014226283878087997, 0.9444786906242371, -0.32826465368270874, 1.8896915912628174, 0.0, 0.0, 0.0, 1.0],
      [-0.7613660097122192, 0.10307733714580536, 0.64007568359375, 2.1447949409484863, 0.6357618570327759, -0.07469173520803452, 0.7682631611824036, -0.16057226061820984, 0.1269988864660263, 0.9918650388717651, -0.00866488367319107, 2.0447354316711426, 0.0, 0.0, 0.0, 1.0],
      [-0.7591840624809265, -0.11517104506492615, -0.6402193903923035, 1.1757314205169678, 0.6343668699264526, 0.08479363471269608, -0.7681431174278259, 0.6606006622314453, 0.14268629252910614, -0.9897198677062988, 0.008690436370670795, 3.2499706745147705, 0.0, 0.0, 0.0, 1.0],
      [-0.7120476365089417, 0.34380990266799927, -0.6117913722991943, 1.0447502136230469, 0.6972867250442505, 0.2511140704154968, -0.6711095571517944, 0.7570343613624573, -0.07726345211267471, -0.9048137068748474, -0.41871586441993713, 2.124386787414551, 0.0, 0.0, 0.0, 1.0],
      [-0.7598973512649536, -0.11517104506492615, -0.6402195692062378, 3.330507755279541, 0.6349632143974304, 0.08479370176792145, -0.7681429982185364, -1.1391135454177856, 0.14283552765846252, -0.9897201657295227, 0.008690422400832176, 2.890514373779297, 0.0, 0.0, 0.0, 1.0],
      [-0.7477409839630127, 0.3170999586582184, -0.583884060382843, 3.19952654838562, 0.6646341681480408, 0.34067490696907043, -0.6652924418449402, -1.042679786682129, -0.011891341768205166, -0.8851067423820496, -0.4652613401412964, 1.764930009841919, 0.0, 0.0, 0.0, 1.0],
      [-0.7613641619682312, 0.1030774638056755, 0.6400778293609619, 2.295783758163452, 0.6357640624046326, -0.07469157129526138, 0.7682613730430603, -0.26998159289360046, 0.12699884176254272, 0.9918650388717651, -0.00866545271128416, 3.497631072998047, 0.0, 0.0, 0.0, 1.0],
      [-0.08195081353187561, -0.23309552669525146, -0.9689959287643433, 2.1776299476623535, 0.9606093168258667, 0.24059271812438965, -0.13912510871887207, -0.1916254460811615, 0.26556283235549927, -0.9422215819358826, 0.20419761538505554, 2.1718411445617676, 0.0, 0.0, 0.0, 1.0],
      [-0.045577146112918854, 0.053584590554237366, -0.9975239634513855, 1.878744125366211, 0.737207293510437, 0.6756696105003357, 0.002604246139526367, 0.4838995635509491, 0.6741333603858948, -0.7352581024169922, -0.07029551267623901, 1.2136900424957275, 0.0, 0.0, 0.0, 1.0],
      [0.023675676435232162, -0.7220911383628845, -0.6913946270942688, 1.9876739978790283, 0.8835785388946533, 0.3386519253253937, -0.32344210147857666, 1.857440710067749, 0.4676952362060547, -0.6032382249832153, 0.6460392475128174, -0.28098607063293457, 0.0, 0.0, 0.0, 1.0],
      [-0.34019482135772705, -0.43556806445121765, -0.8333969712257385, 1.9432073831558228, 0.9012623429298401, -0.40391847491264343, -0.1568024456501007, -0.27975839376449585, -0.2683227062225342, -0.8044477105140686, 0.5299704670906067, 0.9994009733200073, 0.0, 0.0, 0.0, 1.0],
      [-0.3577064275741577, -0.7833293676376343, -0.5083737373352051, 1.0577588081359863, 0.9162716269493103, -0.3995095193386078, -0.029145143926143646, -1.100867748260498, -0.18026679754257202, -0.47623008489608765, 0.8606455326080322, -0.6359280347824097, 0.0, 0.0, 0.0, 1.0],
      [0.30794548988342285, 0.20950302481651306, 0.9280507564544678, 0.20566177368164062, 0.9512064456939697, -0.08768531680107117, -0.29583442211151123, -0.13804125785827637, 0.01939823478460312, 0.9738684296607971, -0.22628289461135864, -1.4148281812667847, 0.0, 0.0, 0.0, 1.0]
    ]
  },
  "right.001": { 
    "0.0": [
      [0.5220980644226074, 0.2729732394218445, 0.8080217242240906, 2.789620876312256, 0.8526965975761414, -0.14712989330291748, -0.5012597441673279, -0.13055072724819183, -0.01794632151722908, 0.9507040977478027, -0.30957964062690735, 0.7652837038040161, 0.0, 0.0, 0.0, 1.0],
      [-0.7613659501075745, 0.10307727754116058, 0.64007568359375, 2.8344316482543945, 0.6400994062423706, -0.03722992539405823, 0.7673895359039307, -0.15470334887504578, 0.10293042659759521, 0.993976354598999, -0.03763410076498985, 0.9213495850563049, 0.0, 0.0, 0.0, 1.0],
      [-0.7591840028762817, -0.11517097800970078, -0.6402193903923035, 1.8653682470321655, 0.6392970681190491, 0.04740554466843605, -0.7672685980796814, 0.7113415002822876, 0.11865929514169693, -0.9922137260437012, 0.03765510767698288, 2.0947563648223877, 0.0, 0.0, 0.0, 1.0],
      [-0.7120475172996521, 0.34380993247032166, -0.6117913126945496, 1.7343871593475342, 0.6938766837120056, 0.21680980920791626, -0.6864239573478699, 0.7652546167373657, -0.10350700467824936, -0.9136407971382141, -0.3931067883968353, 0.9663363695144653, 0.0, 0.0, 0.0, 1.0],
      [-0.7598972916603088, -0.11517098546028137, -0.6402195692062378, 4.020143985748291, 0.6398985981941223, 0.04740559309720993, -0.7672684788703918, -1.1006495952606201, 0.11878592520952225, -0.992214024066925, 0.03765508905053139, 1.8034327030181885, 0.0, 0.0, 0.0, 1.0],
      [-0.7477409243583679, 0.31710001826286316, -0.583884060382843, 3.88916277885437, 0.6637127995491028, 0.3070501685142517, -0.6823664307594299, -1.0467363595962524, -0.036949917674064636, -0.8973257541656494, -0.4398385286331177, 0.6750121116638184, 0.0, 0.0, 0.0, 1.0],
      [-0.7613641023635864, 0.10307740420103073, 0.6400778293609619, 2.9854204654693604, 0.6401016116142273, -0.037229765206575394, 0.7673876881599426, -0.2092381864786148, 0.10293030738830566, 0.993976354598999, -0.03763459995388985, 2.37733793258667, 0.0, 0.0, 0.0, 1.0],
      [0.5210915207862854, -0.2750385105609894, -0.8079727292060852, 2.8672664165496826, 0.8532329797744751, 0.14375361800193787, 0.5013374090194702, -0.18094059824943542, -0.021738268435001373, -0.9506252408027649, 0.3095814287662506, 1.0495357513427734, 0.0, 0.0, 0.0, 1.0],
      [0.3998824954032898, -0.5398621559143066, -0.7407058477401733, 2.773423433303833, 0.9054767489433289, 0.10730060935020447, 0.4106205403804779, 0.3396817147731781, -0.14219938218593597, -0.8348856568336487, 0.5317394137382507, -0.0385211706161499, 0.0, 0.0, 0.0, 1.0],
      [0.2889184057712555, -0.9573104381561279, 0.009238779544830322, 1.6759597063064575, 0.8793580532073975, 0.26917487382888794, 0.39279139041900635, 0.5578087568283081, -0.3785075843334198, -0.1053573489189148, 0.9195833206176758, -1.7357261180877686, 0.0, 0.0, 0.0, 1.0],
      [0.6086099147796631, -0.00474635511636734, -0.7934569120407104, 2.3578805923461914, 0.6055301427841187, 0.6490131616592407, 0.46057137846946716, -0.3388253450393677, 0.5127742290496826, -0.7607652544975281, 0.3978699743747711, -0.02421271800994873, 0.0, 0.0, 0.0, 1.0],
      [0.6086273193359375, -0.12280840426683426, -0.783896267414093, 2.3482320308685303, 0.6040499210357666, 0.7123267650604248, 0.35738644003868103, 0.9805271625518799, 0.5144965052604675, -0.6910225749015808, 0.5077232122421265, -1.5707414150238037, 0.0, 0.0, 0.0, 1.0],
      [0.4706829786300659, 0.07122437655925751, 0.8794227838516235, 0.9779952764511108, 0.8821566104888916, -0.019875258207321167, -0.47053655982017517, -0.8590248227119446, -0.016034884378314018, 0.9972622394561768, -0.07218606770038605, -3.392073154449463, 0.0, 0.0, 0.0, 1.0]
    ]
  },
  "root": { 
    "0.0": [
      [0.9999887943267822, 0.004724592436105013, 0.000157377275172621, -0.09115003049373627, 0.00011207420175196603, 0.009587527252733707, -0.999954104423523, 0.10864168405532837, -0.0047258841805160046, 0.9999428987503052, 0.009586833417415619, 2.090467929840088, 0.0, 0.0, 0.0, 1.0],
      [0.9999887943267822, 0.004724598024040461, 0.0001582247787155211, -0.09037444740533829, 0.00011292161798337474, 0.009587529115378857, -0.999954104423523, 0.11021548509597778, -0.0047258976846933365, 0.9999428987503052, 0.00958683155477047, 2.2546167373657227, 0.0, 0.0, 0.0, 1.0],
      [0.9995080232620239, 0.011178389191627502, 3.0772818718105555e-05, 1.3274418115615845, 7.621292024850845e-05, -0.009585960768163204, 0.9999541640281677, 0.12013095617294312, 0.011166541837155819, -0.999891459941864, -0.009586161002516747, 3.2820892333984375, 0.0, 0.0, 0.0, 1.0],
      [0.9995594024658203, -0.004724687896668911, -4.5011845941189677e-05, 1.340154767036438, -4.963440005667508e-07, -0.009587331674993038, 0.9999541640281677, 0.10922908037900925, -0.004743360448628664, -0.9999426007270813, -0.009587172418832779, 2.144937515258789, 0.0, 0.0, 0.0, 1.0],
      [0.8882144689559937, -0.45917850732803345, 0.035410236567258835, -1.5029398202896118, -0.014180999249219894, 0.04958225041627884, 0.998669445514679, 0.12013077735900879, -0.46007055044174194, -0.8870900273323059, 0.03750963509082794, 3.2954626083374023, 0.0, 0.0, 0.0, 1.0],
      [0.8808066248893738, -0.47323814034461975, 0.035342730581760406, -2.0251522064208984, -0.013315304182469845, 0.04980005696415901, 0.9986705183982849, 0.1765194535255432, -0.47410932183265686, -0.8796654343605042, 0.03754446282982826, 2.2865970134735107, 0.0, 0.0, 0.0, 1.0],
      [0.9999887943267822, 0.004724606405943632, 0.0001553436159156263, -0.08345380425453186, 0.00011004145198967308, 0.009587324224412441, -0.999954104423523, 0.12425941228866577, -0.004725878592580557, 0.9999428987503052, 0.009586639702320099, 3.7193448543548584, 0.0, 0.0, 0.0, 1.0],
      [0.999970018863678, -0.008683126419782639, -6.554686842719093e-05, -0.09726791083812714, -1.767202775226906e-05, -0.009587090462446213, 0.999954104423523, 0.11150693893432617, -0.008683455176651478, -0.9999161958694458, -0.009583610109984875, 2.3893351554870605, 0.0, 0.0, 0.0, 1.0],
      [0.9999832510948181, -0.006995632778853178, -5.621922900900245e-05, 0.3118215799331665, -1.0822443982760888e-05, -0.009587334468960762, 0.999954104423523, 0.10060971975326538, -0.006995962932705879, -0.9999294281005859, -0.009583903476595879, 1.2508057355880737, 0.0, 0.0, 0.0, 1.0],
      [0.9999966025352478, -0.004724635276943445, -4.535818879958242e-05, 0.2976004481315613, 8.918959792936221e-08, -0.009587506763637066, 0.999954104423523, 0.08112002164125443, -0.004724983125925064, -0.9999427795410156, -0.009584126994013786, -0.7819098234176636, 0.0, 0.0, 0.0, 1.0],
      [0.9999832510948181, -0.006995632778853178, -5.622032404062338e-05, -0.48394107818603516, -1.0821140676853247e-05, -0.009587305597960949, 0.999954104423523, 0.10060954093933105, -0.006995962932705879, -0.9999294877052307, -0.009583873674273491, 1.2545653581619263, 0.0, 0.0, 0.0, 1.0],
      [0.9999966025352478, -0.004724590107798576, -4.5356748159974813e-05, -0.4981622099876404, 8.82255335454829e-08, -0.009587499313056469, 0.999954104423523, 0.08111989498138428, -0.0047249384224414825, -0.9999428391456604, -0.009584118612110615, -0.7781506776809692, 0.0, 0.0, 0.0, 1.0],
      [0.9999887943267822, 0.004724573809653521, 0.00015740144590381533, -0.11462728679180145, 0.00011209971125936136, 0.009587281383574009, -0.999954104423523, 0.06100011616945267, -0.0047258660197257996, 0.9999428987503052, 0.00958658754825592, -2.8784008026123047, 0.0, 0.0, 0.0, 1.0]
    ]
  },
  "spread": { 
    "0.0": [
      [0.9999887943267822, 0.004724592436105013, 0.000157377275172621, -0.09115003049373627, 0.00011207420175196603, 0.009587527252733707, -0.999954104423523, 0.10864168405532837, -0.0047258841805160046, 0.9999428987503052, 0.009586833417415619, 2.090467929840088, 0.0, 0.0, 0.0, 1.0],
      [0.9999887943267822, 0.004724598024040461, 0.0001582247787155211, -0.09037444740533829, 0.00011292161798337474, 0.009587529115378857, -0.999954104423523, 0.11021548509597778, -0.0047258976846933365, 0.9999428987503052, 0.00958683155477047, 2.2546167373657227, 0.0, 0.0, 0.0, 1.0],
      [0.43330568075180054, 0.9007294178009033, 0.008605663664638996, 1.3274418115615845, 7.386039942502975e-05, -0.009589431807398796, 0.999954104423523, 0.12013095617294312, 0.901150107383728, -0.4334859549999237, -0.0042235879227519035, 3.2820892333984375, 0.0, 0.0, 0.0, 1.0],
      [0.4475816488265991, 0.8937217593193054, 0.008572956547141075, 2.3518190383911133, -2.9037983040325344e-06, -0.00959076453000307, 0.999954104423523, 0.10922513157129288, 0.8941392302513123, -0.4477679133415222, -0.004291987977921963, 2.7890963554382324, 0.0, 0.0, 0.0, 1.0],
      [0.5665212869644165, -0.8246296644210815, -0.007960245944559574, -1.5029398202896118, 8.44169408082962e-05, -0.009594985283911228, 0.9999540448188782, 0.12013077735900879, -0.8242354393005371, -0.5662224292755127, -0.005363499280065298, 3.2954626083374023, 0.0, 0.0, 0.0, 1.0],
      [0.5533422231674194, -0.8335299491882324, -0.00800336617976427, -2.4407708644866943, 7.823029591236264e-06, -0.009596442803740501, 0.9999540448188782, 0.10921863466501236, -0.8331314921379089, -0.5530502200126648, -0.005300976801663637, 2.6515116691589355, 0.0, 0.0, 0.0, 1.0],
      [0.9999887943267822, 0.004724606405943632, 0.0001553436159156263, -0.08345380425453186, 0.00011004145198967308, 0.009587324224412441, -0.999954104423523, 0.12425941228866577, -0.004725878592580557, 0.9999428987503052, 0.009586639702320099, 3.7193448543548584, 0.0, 0.0, 0.0, 1.0],
      [0.999970018863678, -0.008683126419782639, -6.554686842719093e-05, -0.09726791083812714, -1.767202775226906e-05, -0.009587090462446213, 0.999954104423523, 0.11150693893432617, -0.008683455176651478, -0.9999161958694458, -0.009583610109984875, 2.3893351554870605, 0.0, 0.0, 0.0, 1.0],
      [0.84458988904953, 0.5354036092758179, 0.00513378856703639, 0.3118215799331665, -3.264285624027252e-06, -0.009582985192537308, 0.999954104423523, 0.10060971975326538, 0.5354238748550415, -0.844544529914856, -0.0080886110663414, 1.2508057355880737, 0.0, 0.0, 0.0, 1.0],
      [0.8433717489242554, 0.5373203158378601, 0.005143041722476482, 1.4002217054367065, 7.637452654307708e-06, -0.009583140723407269, 0.999954104423523, 0.08112886548042297, 0.537340521812439, -0.8433264493942261, -0.008082919754087925, -0.46603429317474365, 0.0, 0.0, 0.0, 1.0],
      [0.6822206974029541, -0.7311234474182129, -0.006989925634115934, -0.48394107818603516, -2.0296312868595123e-05, -0.00957906898111105, 0.9999541640281677, 0.10060954093933105, -0.731151282787323, -0.6821838617324829, -0.006546554155647755, 1.2545653581619263, 0.0, 0.0, 0.0, 1.0],
      [0.6838794350624084, -0.7295722365379333, -0.006982636637985706, -1.9702122211456299, -9.405625860381406e-06, -0.009579284116625786, 0.9999541640281677, 0.08113664388656616, -0.7296000719070435, -0.6838425993919373, -0.00655461335554719, -0.13221848011016846, 0.0, 0.0, 0.0, 1.0],
      [0.9999887943267822, 0.004724573809653521, 0.00015740144590381533, -0.11462728679180145, 0.00011209971125936136, 0.009587281383574009, -0.999954104423523, 0.06100011616945267, -0.0047258660197257996, 0.9999428987503052, 0.00958658754825592, -2.8784008026123047, 0.0, 0.0, 0.0, 1.0]
    ]
  },
  "wave": { 
    "0.0": [
      [0.9999887943267822, 0.004724592436105013, 0.000157377275172621, -0.09115003049373627, 0.00011207420175196603, 0.009587527252733707, -0.999954104423523, 0.10864168405532837, -0.0047258841805160046, 0.9999428987503052, 0.009586833417415619, 2.090467929840088, 0.0, 0.0, 0.0, 1.0],
      [0.9999887943267822, 0.004724598024040461, 0.0001582247787155211, -0.09037444740533829, 0.00011292161798337474, 0.009587529115378857, -0.999954104423523, 0.11021548509597778, -0.0047258976846933365, 0.9999428987503052, 0.00958683155477047, 2.2546167373657227, 0.0, 0.0, 0.0, 1.0],
      [0.43330568075180054, 0.9007294178009033, 0.008605663664638996, 1.3274418115615845, 7.386039942502975e-05, -0.009589431807398796, 0.999954104423523, 0.12013095617294312, 0.901150107383728, -0.4334859549999237, -0.0042235879227519035, 3.2820892333984375, 0.0, 0.0, 0.0, 1.0],
      [0.4475816488265991, 0.8937217593193054, 0.008572956547141075, 2.3518190383911133, -2.9037983040325344e-06, -0.00959076453000307, 0.999954104423523, 0.10922513157129288, 0.8941392302513123, -0.4477679133415222, -0.004291987977921963, 2.7890963554382324, 0.0, 0.0, 0.0, 1.0],
      [0.5665212869644165, -0.8246296644210815, -0.007960245944559574, -1.5029398202896118, 8.44169408082962e-05, -0.009594985283911228, 0.9999540448188782, 0.12013077735900879, -0.8242354393005371, -0.5662224292755127, -0.005363499280065298, 3.2954626083374023, 0.0, 0.0, 0.0, 1.0],
      [0.5533422231674194, -0.8335299491882324, -0.00800336617976427, -2.4407708644866943, 7.823029591236264e-06, -0.009596442803740501, 0.9999540448188782, 0.10921863466501236, -0.8331314921379089, -0.5530502200126648, -0.005300976801663637, 2.6515116691589355, 0.0, 0.0, 0.0, 1.0],
      [0.9999887943267822, 0.004724606405943632, 0.0001553436159156263, -0.08345380425453186, 0.00011004145198967308, 0.009587324224412441, -0.999954104423523, 0.12425941228866577, -0.004725878592580557, 0.9999428987503052, 0.009586639702320099, 3.7193448543548584, 0.0, 0.0, 0.0, 1.0],
      [0.999970018863678, -0.008683126419782639, -6.554686842719093e-05, -0.09726791083812714, -1.767202775226906e-05, -0.009587090462446213, 0.999954104423523, 0.11150693893432617, -0.008683455176651478, -0.9999161958694458, -0.009583610109984875, 2.3893351554870605, 0.0, 0.0, 0.0, 1.0],
      [0.9999832510948181, -0.006995632778853178, -5.621922900900245e-05, 0.3118215799331665, -1.0822443982760888e-05, -0.009587334468960762, 0.999954104423523, 0.10060971975326538, -0.006995962932705879, -0.9999294281005859, -0.009583903476595879, 1.2508057355880737, 0.0, 0.0, 0.0, 1.0],
      [0.9999966025352478, -0.004724635276943445, -4.535818879958242e-05, 0.2976004481315613, 8.918959792936221e-08, -0.009587506763637066, 0.999954104423523, 0.08112002164125443, -0.004724983125925064, -0.9999427795410156, -0.009584126994013786, -0.7819098234176636, 0.0, 0.0, 0.0, 1.0],
      [0.9999832510948181, -0.006995632778853178, -5.622032404062338e-05, -0.48394107818603516, -1.0821140676853247e-05, -0.009587305597960949, 0.999954104423523, 0.10060954093933105, -0.006995962932705879, -0.9999294877052307, -0.009583873674273491, 1.2545653581619263, 0.0, 0.0, 0.0, 1.0],
      [0.9999966025352478, -0.004724590107798576, -4.5356748159974813e-05, -0.4981622099876404, 8.82255335454829e-08, -0.009587499313056469, 0.999954104423523, 0.08111989498138428, -0.0047249384224414825, -0.9999428391456604, -0.009584118612110615, -0.7781506776809692, 0.0, 0.0, 0.0, 1.0],
      [0.9999887943267822, 0.004724573809653521, 0.00015740144590381533, -0.11462728679180145, 0.00011209971125936136, 0.009587281383574009, -0.999954104423523, 0.06100011616945267, -0.0047258660197257996, 0.9999428987503052, 0.00958658754825592, -2.8784008026123047, 0.0, 0.0, 0.0, 1.0]
    ]
  }  },
"inverseBindPoses": [
[0.9999889135360718, 0.00011207439820282161, -0.0047258841805160046, 0.10101616382598877, 0.0047245929017663, 0.009587470442056656, 0.9999428987503052, -2.0909597873687744, 0.00015737733338028193, -0.9999540448188782, 0.00958689022809267, 0.08860994875431061, -0.0, 0.0, -0.0, 1.0],
[0.9999889135360718, 0.00011292181443423033, -0.004725898150354624, 0.1010160893201828, 0.004724598024040461, 0.009587472304701805, 0.9999428987503052, -2.255117893218994, 0.00015822485147509724, -0.9999540448188782, 0.009586888365447521, 0.0886099562048912, -0.0, 0.0, -0.0, 1.0],
[1.000367283821106, 7.642118725925684e-05, 0.011182975955307484, -1.3646419048309326, 0.011171558871865273, -0.009585905820131302, -0.9998916983604431, 3.2680556774139404, 3.0850638722768053e-05, 0.9999539256095886, -0.009586215019226074, -0.08870355784893036, -0.0, 0.0, -0.0, 1.0],
[1.0004184246063232, -2.87258131947965e-07, -0.004726933315396309, -1.3305764198303223, -0.00474518584087491, -0.009587278589606285, -0.9999430775642395, 2.1522216796875, -4.499918213696219e-05, 0.9999539256095886, -0.009587227366864681, -0.08859974145889282, -0.0, 0.0, -0.0, 1.0],
[0.999426007270813, 7.612113404320553e-05, 0.011172453872859478, 1.4652494192123413, 0.011186526156961918, -0.009585951454937458, -0.9998913407325745, 3.3130688667297363, 3.090565951424651e-05, 0.9999539852142334, -0.009586265310645103, -0.08848763257265091, -0.0, 0.0, -0.0, 1.0],
[0.9994775056838989, -3.2813406392051547e-07, -0.0047223311848938465, 1.4996405839920044, -0.004700134973973036, -0.00958727765828371, -0.9999425411224365, 2.1522293090820312, -4.4987405999563634e-05, 0.9999538660049438, -0.009587232023477554, -0.08859863877296448, -0.0, 0.0, -0.0, 1.0],
[0.9999889135360718, 0.00011004164116457105, -0.004725878592580557, 0.10101637989282608, 0.004724606871604919, 0.009587266482412815, 0.9999428987503052, -3.7199294567108154, 0.00015534370322711766, -0.9999540448188782, 0.009586697444319725, 0.08861043304204941, -0.0, 0.0, -0.0, 1.0],
[0.9999545216560364, -1.7674185073701665e-05, -0.008683290332555771, 0.11801274865865707, -0.008683159947395325, -0.009583817794919014, -0.9999164938926697, 2.389359712600708, -6.557802407769486e-05, 0.9999539852142334, -0.009586882777512074, -0.08860190957784653, -0.0, 0.0, -0.0, 1.0],
[0.9999678134918213, -1.0830125575012062e-05, -0.006995797157287598, -0.3030600845813751, -0.006995691917836666, -0.009584062732756138, -0.9999297261238098, 1.2538634538650513, -5.625052654067986e-05, 0.9999539852142334, -0.009587176144123077, -0.08859585225582123, -0.0, 0.0, -0.0, 1.0],
[0.9999810457229614, 7.409050084561386e-08, -0.004724816419184208, -0.3012892007827759, -0.004724728409200907, -0.009584234096109867, -0.99994295835495, -0.7796816229820251, -4.538963912636973e-05, 0.9999539852142334, -0.009587399661540985, -0.08859926462173462, -0.0, 0.0, 0.0, 1.0],
[0.9999677538871765, -1.0828814993146807e-05, -0.00699579669162631, 0.49270322918891907, -0.006995691452175379, -0.009584031999111176, -0.9999296069145203, 1.2520560026168823, -5.6251617934321985e-05, 0.9999539256095886, -0.00958714634180069, -0.08860442042350769, -0.0, 0.0, -0.0, 1.0],
[0.9999811053276062, 7.312280558835482e-08, -0.004724771250039339, 0.49447622895240784, -0.004724683705717325, -0.009584225714206696, -0.99994295835495, -0.7796825170516968, -4.538821303867735e-05, 0.9999540448188782, -0.009587392210960388, -0.08859921991825104, -0.0, 0.0, 0.0, 1.0],
[0.9999889135360718, 0.00011209990771021694, -0.0047258660197257996, 0.10101624578237534, 0.004724574275314808, 0.009587224572896957, 0.9999428987503052, 2.8781933784484863, 0.00015740151866339147, -0.9999540448188782, 0.009586644358932972, 0.08860956132411957, -0.0, 0.0, -0.0, 1.0]],
"jointNameIndices": {
"root": 0,"chest": 1,"arm.l": 2,"arm1.l": 3,"arm.r": 4,"arm1.r": 5,"head": 6,"hips": 7,"leg.l": 8,"leg1.l": 9,"leg.r": 10,"leg1.r": 11,"board": 12}
}